0 0
1 0
2 0
3 1
4 0
5 0
6 0
7 0
8 0
9 0
10 0
11 1
12 1
13 0
14 1
15 0
16 0
17 0
18 0
19 0
20 0
21 0
22 0
23 0
24 1
25 1
26 0
27 0
28 0
29 0
30 0
31 0
32 0
33 0
34 1
35 0
36 0
37 0
38 0
39 0
40 0
41 0
42 1
43 0
44 0
45 1
46 0
47 1
48 0
49 0
50 1
51 1
52 0
53 1
54 0
55 0
56 0
57 0
58 0
59 0
60 1
61 0
62 0
63 1
64 0
65 1
66 0
67 0
68 0
69 1
70 0
71 0
72 0
73 0
74 0
75 0
76 1
77 1
78 0
79 1
80 0
81 1
82 1
83 1
84 0
85 1
86 1
87 0
88 0
89 1
90 1
91 0
92 0
93 0
94 1
95 0
96 0
97 0
98 1
99 0
100 1
101 1
102 0
103 0
104 0
105 1
106 0
107 0
108 0
109 1
110 1
111 0
112 0
113 1
114 0
115 0
116 0
117 0
118 1
119 0
120 0
121 0
122 0
123 0
124 0
125 0
126 0
127 0
128 0
129 1
130 0
131 1
132 0
133 1
134 1
135 0
136 0
137 0
138 1
139 1
140 0
141 0
142 0
143 0
144 0
145 1
146 0
147 0
148 0
149 0
150 0
151 0
152 1
153 0
154 0
155 0
156 1
157 0
158 0
159 1
160 0
161 0
162 1
163 0
164 0
165 1
166 1
167 0
168 0
169 0
170 0
171 0
172 0
173 0
174 0
175 0
176 1
177 0
178 0
179 1
180 1
181 0
182 0
183 0
184 0
185 0
186 0
187 0
188 0
189 0
190 0
191 1
192 1
193 0
194 1
195 1
196 0
197 1
198 1
199 0
200 0
201 0
202 0
203 0
204 0
205 0
206 1
207 1
208 0
209 0
210 0
211 0
212 0
213 0
214 0
215 0
216 0
217 1
218 0
219 0
220 0
221 0
222 0
223 0
224 1
225 0
226 0
227 0
228 0
229 0
230 0
231 0
232 0
233 0
234 0
235 0
236 0
237 0
238 1
239 1
240 1
241 1
242 0
243 1
244 0
245 0
246 0
247 0
248 0
249 0
250 0
251 0
252 0
253 0
254 1
255 1
256 0
257 1
258 0
259 1
260 0
261 0
262 0
263 0
264 1
265 0
266 0
267 0
268 1
269 0
270 0
271 1
272 0
273 1
274 0
275 1
276 0
277 0
278 0
279 0
280 0
281 1
282 0
283 0
284 0
285 0
286 0
287 0
288 1
289 0
290 1
291 0
292 0
293 0
294 0
295 1
296 0
297 1
298 0
299 0
300 1
301 1
302 1
303 1
304 0
305 0
306 0
307 1
308 0
309 1
310 1
311 1
312 0
313 0
314 0
315 1
316 0
317 0
318 1
319 0
320 0
321 0
322 0
323 0
324 0
325 1
326 0
327 1
328 1
329 1
330 0
331 0
332 0
333 0
334 1
335 0
336 1
337 1
338 0
339 0
340 1
341 0
342 0
343 0
344 0
345 0
346 0
347 0
348 0
349 0
350 0
351 0
352 1
353 0
354 0
355 0
356 0
357 1
358 0
359 0
360 0
361 0
362 0
363 0
364 0
365 1
366 1
367 1
368 0
369 0
370 0
371 0
372 0
373 0
374 0
375 0
376 0
377 0
378 0
379 1
380 1
381 0
382 0
383 0
384 0
385 0
386 0
387 1
388 1
389 0
390 1
391 1
392 1
393 0
394 0
395 1
396 0
397 0
398 0
399 0
400 0
401 0
402 0
403 1
404 0
405 1
406 0
407 0
408 1
409 0
410 0
411 0
412 1
413 1
414 0
415 0
416 0
417 1
418 0
419 0
420 1
421 1
422 1
423 0
424 0
425 0
426 0
427 0
428 0
429 1
430 0
431 0
432 1
433 1
434 0
435 0
436 1
437 1
438 0
439 1
440 0
441 0
442 1
443 1
444 0
445 0
446 0
447 1
448 1
449 1
450 0
451 0
452 1
453 0
454 1
455 0
456 1
457 0
458 1
459 0
460 0
461 0
462 0
463 0
464 0
465 0
466 0
467 0
468 0
469 1
470 0
471 0
472 1
473 0
474 0
475 0
476 0
477 0
478 0
479 0
480 0
481 0
482 0
483 0
484 0
485 0
486 0
487 1
488 1
489 0
490 0
491 0
492 0
493 0
494 0
495 0
496 0
497 0
498 1
499 1
500 0
501 0
502 0
503 1
504 0
505 1
506 1
507 0
508 1
509 0
510 0
511 0
512 1
513 1
514 1
515 1
516 0
517 0
518 0
519 0
520 1
521 1
522 1
523 1
524 0
525 1
526 0
527 0
528 0
529 1
530 0
531 1
532 0
533 0
534 0
535 0
536 0
537 0
538 0
539 0
540 0
541 1
542 1
543 0
544 1
545 0
546 1
547 1
548 0
549 0
550 1
551 0
552 0
553 0
554 0
555 1
556 0
557 1
558 1
559 1
560 0
561 1
562 0
563 1
564 0
565 1
566 0
567 1
568 0
569 0
570 0
571 0
572 1
573 1
574 0
575 0
576 0
577 0
578 0
579 0
580 0
581 0
582 1
583 1
584 0
585 0
586 0
587 0
588 0
589 0
590 0
591 1
592 0
593 0
594 0
595 1
596 1
597 1
598 0
599 1
600 0
601 1
602 1
603 0
604 0
605 0
606 1
607 0
608 0
609 0
610 0
611 0
612 1
613 0
614 1
615 1
616 1
617 0
618 0
619 0
620 0
621 0
622 1
623 0
624 0
625 0
626 0
627 0
628 0
629 0
630 1
631 1
632 0
633 1
634 0
635 1
636 0
637 0
638 1
639 1
640 0
641 0
642 1
643 1
644 1
645 1
646 0
647 0
648 0
649 1
650 0
651 0
652 1
653 0
654 0
655 0
656 1
657 0
658 0
659 1
660 0
661 1
662 1
663 0
664 0
665 0
666 0
667 0
668 1
669 0
670 1
671 0
672 1
673 1
674 1
675 0
676 1
677 1
678 0
679 1
680 0
681 0
682 0
683 0
684 0
685 0
686 0
687 0
688 1
689 0
690 0
691 1
692 0
693 0
694 0
695 0
696 0
697 1
698 0
699 0
700 0
701 0
702 0
703 0
704 0
705 0
706 1
707 1
708 1
709 0
710 1
711 1
712 0
713 0
714 0
715 0
716 0
717 0
718 1
719 1
720 0
721 0
722 0
723 0
724 1
725 0
726 1
727 0
728 0
729 1
730 1
731 0
732 1
733 0
734 1
735 0
736 0
737 0
738 0
739 0
740 0
741 1
742 0
743 0
744 1
745 0
746 1
747 0
748 0
749 0
750 0
751 1
752 1
753 0
754 1
755 1
756 0
757 0
758 0
759 0
760 0
761 0
762 0
763 0
764 0
765 1
766 0
767 0
768 0
769 0
770 0
771 1
772 0
773 0
774 1
775 0
776 1
777 0
778 0
779 1
780 1
781 1
782 0
783 0
784 1
785 0
786 0
787 0
788 0
789 0
790 1
791 0
792 0
793 0
794 0
795 1
796 1
797 1
798 1
799 0
800 0
801 0
802 0
803 1
804 0
805 0
806 0
807 0
808 0
809 0
810 1
811 0
812 0
813 0
814 0
815 0
816 0
817 0
818 0
819 0
820 1
821 1
822 0
823 1
824 0
825 0
826 0
827 0
828 1
829 1
830 0
831 0
832 0
833 0
834 0
835 1
836 1
837 0
838 0
839 1
840 0
841 1
842 0
843 1
844 1
845 0
846 0
847 0
848 0
849 1
850 1
851 0
852 1
853 1
854 0
855 1
856 0
857 0
858 0
859 0
860 0
861 0
862 0
863 0
864 1
865 0
866 0
867 0
868 0
869 0
870 0
871 0
872 1
873 0
874 0
875 0
876 0
877 1
878 0
879 0
880 0
881 1
882 1
883 0
884 1
885 0
886 1
887 0
888 1
889 1
890 1
891 1
892 0
893 0
894 0
895 0
896 0
897 0
898 0
899 1
900 0
901 0
902 0
903 0
904 0
905 0
906 0
907 0
908 1
909 0
910 0
911 1
912 1
913 1
914 1
915 1
916 0
917 0
918 0
919 0
920 1
921 0
922 1
923 0
924 1
925 0
926 1
927 0
928 0
929 0
930 1
931 0
932 1
933 0
934 0
935 0
936 0
937 0
938 0
939 1
940 1
941 1
942 1
943 0
944 0
945 0
946 1
947 0
948 1
949 0
950 0
951 1
952 1
953 0
954 1
955 0
956 1
957 1
958 0
959 1
960 0
961 0
962 1
963 0
964 0
965 0
966 0
967 0
968 0
969 0
970 1
971 1
972 0
973 0
974 0
975 0
976 0
977 0
978 1
979 1
980 1
981 0
982 0
983 0
984 1
985 1
986 0
987 0
988 0
989 0
990 0
991 0
992 0
993 0
994 0
995 1
996 0
997 0
998 0
999 1
1000 1
1001 1
1002 1
1003 1
1004 1
1005 1
1006 1
1007 1
1008 0
1009 0
1010 1
1011 1
1012 1
1013 0
1014 1
1015 1
1016 0
1017 0
1018 0
1019 1
1020 1
1021 0
1022 1
1023 1
1024 0
1025 1
1026 0
1027 0
1028 1
1029 1
1030 1
1031 1
1032 1
1033 0
1034 1
1035 0
1036 1
1037 0
1038 0
1039 1
1040 0
1041 0
1042 0
1043 0
1044 1
1045 1
1046 1
1047 1
1048 0
1049 1
1050 1
1051 1
1052 1
1053 0
1054 0
1055 0
1056 0
1057 1
1058 1
1059 0
1060 1
1061 1
1062 0
1063 1
1064 0
1065 1
1066 1
1067 0
1068 0
1069 1
1070 1
1071 1
1072 0
1073 1
1074 0
1075 1
1076 1
1077 1
1078 1
1079 0
1080 1
1081 1
1082 1
1083 1
1084 1
1085 0
1086 0
1087 0
1088 1
1089 1
1090 1
1091 0
1092 0
1093 1
1094 1
1095 0
1096 0
1097 0
1098 0
1099 0
1100 0
1101 1
1102 1
1103 0
1104 0
1105 1
1106 1
1107 1
1108 0
1109 1
1110 0
1111 1
1112 1
1113 1
1114 1
1115 1
1116 0
1117 1
1118 1
1119 1
1120 1
1121 1
1122 1
1123 1
1124 1
1125 0
1126 1
1127 1
1128 1
1129 0
1130 1
1131 1
1132 1
1133 1
1134 1
1135 0
1136 1
1137 1
1138 1
1139 1
1140 0
1141 1
1142 0
1143 1
1144 1
1145 0
1146 1
1147 1
1148 1
1149 0
1150 0
1151 1
1152 1
1153 1
1154 1
1155 0
1156 1
1157 1
1158 1
1159 1
1160 0
1161 1
1162 1
1163 1
1164 0
1165 1
1166 0
1167 1
1168 0
1169 1
1170 0
1171 0
1172 1
1173 1
1174 1
1175 0
1176 0
1177 0
1178 1
1179 0
1180 1
1181 0
1182 1
1183 1
1184 0
1185 1
1186 0
1187 1
1188 1
1189 1
1190 1
1191 0
1192 0
1193 1
1194 1
1195 0
1196 1
1197 0
1198 1
1199 1
1200 1
1201 0
1202 1
1203 1
1204 0
1205 1
1206 1
1207 1
1208 0
1209 0
1210 1
1211 0
1212 1
1213 0
1214 0
1215 1
1216 0
1217 0
1218 1
1219 1
1220 0
1221 1
1222 1
1223 0
1224 0
1225 1
1226 0
1227 1
1228 0
1229 1
1230 1
1231 0
1232 0
1233 1
1234 0
1235 1
1236 0
1237 0
1238 0
1239 1
1240 1
1241 1
1242 1
1243 1
1244 1
1245 0
1246 1
1247 1
1248 1
1249 0
1250 1
1251 1
1252 1
1253 0
1254 1
1255 1
1256 1
1257 1
1258 1
1259 1
1260 1
1261 0
1262 1
1263 1
1264 1
1265 0
1266 1
1267 0
1268 1
1269 1
1270 0
1271 0
1272 1
1273 1
1274 0
1275 1
1276 1
1277 0
1278 0
1279 1
1280 1
1281 1
1282 0
1283 0
1284 0
1285 0
1286 1
1287 1
1288 0
1289 1
1290 0
1291 0
1292 0
1293 0
1294 1
1295 1
1296 0
1297 0
1298 1
1299 1
1300 1
1301 0
1302 0
1303 0
1304 0
1305 0
1306 0
1307 1
1308 1
1309 0
1310 0
1311 0
1312 1
1313 0
1314 0
1315 1
1316 1
1317 1
1318 0
1319 1
1320 0
1321 0
1322 1
1323 1
1324 0
1325 1
1326 0
1327 1
1328 0
1329 1
1330 1
1331 1
1332 1
1333 1
1334 0
1335 1
1336 1
1337 1
1338 0
1339 1
1340 1
1341 1
1342 0
1343 1
1344 1
1345 1
1346 1
1347 1
1348 1
1349 1
1350 0
1351 0
1352 0
1353 0
1354 1
1355 0
1356 1
1357 1
1358 1
1359 0
1360 0
1361 1
1362 0
1363 0
1364 1
1365 1
1366 1
1367 1
1368 1
1369 1
1370 1
1371 1
1372 1
1373 0
1374 1
1375 0
1376 0
1377 1
1378 0
1379 1
1380 1
1381 1
1382 1
1383 0
1384 0
1385 0
1386 1
1387 1
1388 1
1389 1
1390 1
1391 1
1392 0
1393 0
1394 1
1395 0
1396 0
1397 0
1398 1
1399 0
1400 0
1401 1
1402 1
1403 1
1404 0
1405 1
1406 0
1407 0
1408 1
1409 0
1410 1
1411 0
1412 0
1413 0
1414 0
1415 0
1416 1
1417 1
1418 1
1419 1
1420 0
1421 1
1422 1
1423 1
1424 1
1425 1
1426 1
1427 1
1428 1
1429 1
1430 0
1431 1
1432 1
1433 1
1434 0
1435 1
1436 1
1437 0
1438 1
1439 0
1440 1
1441 1
1442 1
1443 1
1444 1
1445 1
1446 1
1447 0
1448 1
1449 0
1450 0
1451 1
1452 1
1453 1
1454 1
1455 1
1456 0
1457 0
1458 1
1459 1
1460 1
1461 0
1462 0
1463 1
1464 0
1465 1
1466 1
1467 0
1468 0
1469 0
1470 1
1471 0
1472 1
1473 1
1474 0
1475 1
1476 0
1477 1
1478 1
1479 1
1480 1
1481 1
1482 1
1483 0
1484 0
1485 0
1486 0
1487 0
1488 1
1489 1
1490 1
1491 1
1492 1
1493 1
1494 1
1495 0
1496 0
1497 0
1498 1
1499 1
1500 1
1501 1
1502 0
1503 1
1504 0
1505 0
1506 1
1507 0
1508 0
1509 1
1510 1
1511 0
1512 1
1513 1
1514 0
1515 1
1516 1
1517 0
1518 0
1519 0
1520 0
1521 1
1522 1
1523 0
1524 1
1525 0
1526 0
1527 0
1528 1
1529 1
1530 1
1531 1
1532 1
1533 0
1534 0
1535 1
1536 1
1537 1
1538 0
1539 0
1540 1
1541 0
1542 1
1543 1
1544 1
1545 0
1546 1
1547 1
1548 0
1549 0
1550 1
1551 1
1552 1
1553 1
1554 1
1555 1
1556 0
1557 0
1558 1
1559 0
1560 1
1561 0
1562 1
1563 1
1564 0
1565 1
1566 1
1567 0
1568 0
1569 1
1570 1
1571 1
1572 0
1573 0
1574 1
1575 1
1576 0
1577 0
1578 0
1579 0
1580 0
1581 1
1582 1
1583 1
1584 1
1585 1
1586 1
1587 1
1588 0
1589 1
1590 0
1591 1
1592 1
1593 1
1594 0
1595 0
1596 1
1597 1
1598 0
1599 1
1600 1
1601 1
1602 0
1603 1
1604 1
1605 0
1606 0
1607 1
1608 0
1609 1
1610 1
1611 1
1612 1
1613 1
1614 1
1615 1
1616 0
1617 1
1618 0
1619 1
1620 0
1621 0
1622 0
1623 1
1624 1
1625 1
1626 0
1627 1
1628 1
1629 1
1630 0
1631 0
1632 0
1633 1
1634 0
1635 1
1636 0
1637 1
1638 0
1639 1
1640 1
1641 0
1642 1
1643 1
1644 0
1645 1
1646 1
1647 1
1648 1
1649 0
1650 1
1651 1
1652 0
1653 0
1654 1
1655 0
1656 1
1657 1
1658 1
1659 0
1660 1
1661 0
1662 1
1663 1
1664 0
1665 1
1666 0
1667 1
1668 1
1669 1
1670 1
1671 1
1672 1
1673 1
1674 1
1675 1
1676 1
1677 1
1678 1
1679 1
1680 0
1681 0
1682 0
1683 0
1684 1
1685 1
1686 1
1687 0
1688 1
1689 0
1690 1
1691 1
1692 1
1693 1
1694 1
1695 1
1696 1
1697 1
1698 1
1699 1
1700 1
1701 0
1702 1
1703 1
1704 1
1705 0
1706 0
1707 1
1708 1
1709 0
1710 1
1711 1
1712 1
1713 1
1714 1
1715 1
1716 0
1717 1
1718 1
1719 1
1720 1
1721 0
1722 1
1723 1
1724 0
1725 0
1726 0
1727 1
1728 0
1729 0
1730 0
1731 1
1732 1
1733 0
1734 0
1735 0
1736 0
1737 0
1738 1
1739 1
1740 0
1741 0
1742 1
1743 1
1744 0
1745 1
1746 1
1747 0
1748 1
1749 0
1750 1
1751 0
1752 1
1753 1
1754 1
1755 0
1756 0
1757 1
1758 0
1759 0
1760 1
1761 1
1762 1
1763 0
1764 0
1765 1
1766 0
1767 0
1768 1
1769 1
1770 1
1771 1
1772 1
1773 1
1774 1
1775 1
1776 0
1777 1
1778 1
1779 1
1780 0
1781 1
1782 1
1783 1
1784 0
1785 0
1786 0
1787 0
1788 1
1789 0
1790 1
1791 1
1792 0
1793 1
1794 1
1795 0
1796 1
1797 1
1798 0
1799 1
1800 1
1801 0
1802 0
1803 1
1804 1
1805 1
1806 1
1807 1
1808 1
1809 1
1810 0
1811 1
1812 1
1813 1
1814 1
1815 1
1816 1
1817 1
1818 1
1819 0
1820 0
1821 1
1822 1
1823 1
1824 1
1825 1
1826 0
1827 1
1828 1
1829 1
1830 1
1831 0
1832 1
1833 0
1834 1
1835 1
1836 1
1837 0
1838 0
1839 1
1840 1
1841 1
1842 1
1843 0
1844 1
1845 0
1846 1
1847 1
1848 1
1849 1
1850 0
1851 1
1852 1
1853 1
1854 0
1855 0
1856 1
1857 1
1858 1
1859 1
1860 1
1861 0
1862 1
1863 1
1864 1
1865 0
1866 1
1867 0
1868 0
1869 1
1870 1
1871 1
1872 1
1873 1
1874 0
1875 0
1876 1
1877 1
1878 1
1879 0
1880 1
1881 1
1882 1
1883 0
1884 1
1885 0
1886 0
1887 0
1888 1
1889 1
1890 1
1891 1
1892 1
1893 1
1894 0
1895 0
1896 0
1897 1
1898 0
1899 0
1900 1
1901 1
1902 0
1903 1
1904 1
1905 1
1906 1
1907 0
1908 0
1909 1
1910 0
1911 1
1912 0
1913 1
1914 1
1915 1
1916 0
1917 1
1918 0
1919 1
1920 1
1921 1
1922 1
1923 1
1924 1
1925 0
1926 0
1927 1
1928 0
1929 1
1930 1
1931 0
1932 0
1933 1
1934 1
1935 1
1936 1
1937 1
1938 0
1939 0
1940 1
1941 0
1942 1
1943 1
1944 0
1945 0
1946 1
1947 0
1948 1
1949 1
1950 1
1951 0
1952 1
1953 1
1954 1
1955 1
1956 1
1957 1
1958 0
1959 0
1960 1
1961 1
1962 1
1963 0
1964 0
1965 1
1966 1
1967 0
1968 0
1969 1
1970 1
1971 1
1972 1
1973 0
1974 1
1975 1
1976 1
1977 0
1978 1
1979 1
1980 1
1981 0
1982 1
1983 1
1984 1
1985 0
1986 0
1987 0
1988 1
1989 0
1990 1
1991 0
1992 0
1993 0
1994 0
1995 1
1996 0
1997 1
1998 1
1999 0
Prediction Complete For Test Data*
