0 0
1 0
2 1
3 0
4 1
5 0
6 0
7 0
8 0
9 0
10 0
11 1
12 0
13 0
14 0
15 0
16 1
17 0
18 0
19 0
20 1
21 0
22 0
23 1
24 1
25 1
26 1
27 0
28 0
29 0
30 1
31 0
32 1
33 0
34 1
35 0
36 0
37 1
38 1
39 0
40 0
41 0
42 0
43 0
44 0
45 1
46 1
47 1
48 0
49 0
50 0
51 0
52 0
53 0
54 1
55 0
56 0
57 0
58 0
59 0
60 0
61 0
62 1
63 0
64 0
65 0
66 0
67 0
68 0
69 0
70 0
71 1
72 0
73 1
74 0
75 0
76 0
77 0
78 0
79 1
80 1
81 0
82 0
83 0
84 0
85 0
86 0
87 0
88 0
89 0
90 0
91 0
92 1
93 0
94 0
95 0
96 1
97 1
98 1
99 0
100 1
101 1
102 0
103 0
104 0
105 0
106 0
107 0
108 1
109 1
110 0
111 1
112 0
113 1
114 0
115 0
116 1
117 0
118 0
119 0
120 1
121 1
122 1
123 1
124 0
125 0
126 0
127 1
128 1
129 0
130 1
131 1
132 0
133 0
134 0
135 0
136 0
137 0
138 0
139 1
140 0
141 0
142 1
143 1
144 0
145 1
146 0
147 1
148 1
149 0
150 0
151 0
152 1
153 0
154 0
155 0
156 0
157 1
158 0
159 0
160 0
161 0
162 1
163 0
164 0
165 1
166 0
167 0
168 1
169 0
170 1
171 1
172 1
173 0
174 0
175 0
176 1
177 0
178 0
179 1
180 1
181 0
182 0
183 0
184 0
185 1
186 0
187 0
188 0
189 1
190 0
191 0
192 0
193 0
194 0
195 0
196 0
197 1
198 0
199 0
200 0
201 0
202 0
203 1
204 1
205 0
206 1
207 0
208 1
209 0
210 1
211 1
212 0
213 1
214 0
215 1
216 0
217 1
218 0
219 0
220 0
221 0
222 0
223 0
224 0
225 0
226 1
227 0
228 1
229 0
230 0
231 0
232 0
233 1
234 1
235 1
236 0
237 0
238 1
239 1
240 0
241 0
242 1
243 0
244 0
245 0
246 0
247 0
248 0
249 0
250 1
251 0
252 0
253 1
254 0
255 0
256 0
257 0
258 0
259 1
260 1
261 1
262 0
263 1
264 0
265 0
266 0
267 0
268 0
269 0
270 1
271 1
272 0
273 0
274 0
275 0
276 0
277 0
278 0
279 0
280 1
281 0
282 0
283 0
284 0
285 1
286 1
287 1
288 0
289 0
290 0
291 1
292 0
293 1
294 0
295 1
296 1
297 0
298 1
299 0
300 0
301 0
302 0
303 0
304 0
305 0
306 0
307 0
308 1
309 0
310 0
311 1
312 0
313 0
314 0
315 1
316 0
317 1
318 0
319 0
320 0
321 1
322 0
323 0
324 0
325 0
326 0
327 0
328 1
329 1
330 1
331 0
332 0
333 0
334 0
335 0
336 0
337 1
338 1
339 0
340 0
341 1
342 0
343 0
344 0
345 0
346 1
347 1
348 0
349 0
350 0
351 0
352 0
353 0
354 1
355 1
356 0
357 0
358 0
359 0
360 0
361 0
362 0
363 1
364 1
365 0
366 0
367 0
368 1
369 0
370 1
371 1
372 0
373 0
374 1
375 1
376 0
377 0
378 0
379 0
380 0
381 0
382 0
383 1
384 0
385 0
386 0
387 0
388 0
389 1
390 1
391 0
392 0
393 1
394 0
395 0
396 0
397 0
398 0
399 0
400 0
401 0
402 0
403 1
404 0
405 0
406 0
407 0
408 0
409 0
410 0
411 1
412 1
413 0
414 0
415 0
416 0
417 1
418 0
419 0
420 0
421 0
422 0
423 0
424 0
425 1
426 0
427 0
428 0
429 1
430 0
431 1
432 1
433 0
434 0
435 1
436 1
437 0
438 0
439 1
440 0
441 0
442 0
443 0
444 1
445 0
446 0
447 0
448 0
449 1
450 0
451 0
452 1
453 0
454 1
455 0
456 0
457 0
458 0
459 0
460 0
461 0
462 0
463 1
464 0
465 0
466 0
467 0
468 0
469 0
470 0
471 0
472 0
473 0
474 0
475 0
476 0
477 0
478 1
479 0
480 1
481 0
482 1
483 0
484 1
485 1
486 0
487 1
488 1
489 1
490 0
491 0
492 0
493 0
494 0
495 0
496 0
497 1
498 0
499 0
500 0
501 1
502 0
503 1
504 1
505 0
506 0
507 0
508 0
509 0
510 0
511 1
512 1
513 1
514 0
515 0
516 0
517 0
518 0
519 0
520 0
521 1
522 0
523 0
524 0
525 0
526 1
527 0
528 0
529 0
530 0
531 0
532 0
533 1
534 1
535 1
536 0
537 0
538 1
539 0
540 1
541 0
542 0
543 0
544 0
545 0
546 0
547 1
548 0
549 1
550 1
551 0
552 0
553 1
554 0
555 1
556 0
557 1
558 0
559 0
560 1
561 0
562 0
563 1
564 0
565 1
566 0
567 0
568 0
569 1
570 0
571 1
572 1
573 0
574 0
575 0
576 0
577 0
578 0
579 0
580 0
581 0
582 0
583 0
584 0
585 0
586 0
587 1
588 1
589 0
590 1
591 1
592 0
593 1
594 1
595 1
596 0
597 1
598 0
599 0
600 0
601 0
602 0
603 1
604 0
605 1
606 1
607 1
608 0
609 1
610 1
611 0
612 0
613 0
614 1
615 0
616 0
617 0
618 0
619 0
620 1
621 0
622 1
623 0
624 1
625 0
626 0
627 0
628 0
629 0
630 1
631 0
632 1
633 0
634 0
635 0
636 0
637 0
638 0
639 0
640 0
641 0
642 0
643 0
644 0
645 0
646 0
647 0
648 0
649 0
650 0
651 0
652 0
653 0
654 0
655 0
656 0
657 0
658 0
659 0
660 1
661 0
662 0
663 0
664 1
665 1
666 0
667 1
668 0
669 0
670 0
671 0
672 1
673 0
674 0
675 0
676 1
677 0
678 0
679 0
680 0
681 1
682 0
683 1
684 0
685 0
686 1
687 1
688 1
689 1
690 0
691 1
692 0
693 0
694 0
695 0
696 0
697 0
698 0
699 1
700 1
701 0
702 1
703 0
704 0
705 0
706 0
707 0
708 1
709 0
710 0
711 1
712 0
713 0
714 0
715 0
716 0
717 0
718 0
719 0
720 0
721 0
722 1
723 1
724 0
725 0
726 0
727 1
728 1
729 0
730 1
731 0
732 0
733 0
734 0
735 1
736 1
737 0
738 0
739 0
740 0
741 1
742 1
743 0
744 1
745 0
746 0
747 1
748 0
749 0
750 1
751 0
752 0
753 1
754 1
755 1
756 0
757 1
758 0
759 0
760 1
761 0
762 1
763 1
764 0
765 1
766 0
767 0
768 0
769 0
770 1
771 0
772 1
773 0
774 0
775 0
776 0
777 0
778 0
779 0
780 1
781 0
782 1
783 0
784 1
785 0
786 0
787 0
788 1
789 0
790 0
791 1
792 0
793 0
794 0
795 0
796 0
797 0
798 0
799 0
800 0
801 0
802 0
803 1
804 0
805 0
806 0
807 0
808 0
809 1
810 0
811 0
812 1
813 0
814 0
815 0
816 0
817 0
818 0
819 1
820 1
821 0
822 1
823 1
824 1
825 0
826 0
827 0
828 1
829 0
830 0
831 0
832 1
833 0
834 0
835 1
836 1
837 0
838 0
839 0
840 1
841 0
842 0
843 0
844 0
845 1
846 0
847 0
848 0
849 0
850 1
851 1
852 1
853 0
854 0
855 1
856 0
857 0
858 0
859 1
860 0
861 0
862 0
863 0
864 0
865 0
866 0
867 0
868 1
869 0
870 1
871 1
872 1
873 0
874 0
875 0
876 0
877 0
878 1
879 0
880 1
881 1
882 0
883 0
884 0
885 1
886 1
887 0
888 1
889 1
890 1
891 0
892 0
893 0
894 0
895 1
896 0
897 0
898 0
899 0
900 1
901 1
902 0
903 1
904 0
905 1
906 0
907 0
908 1
909 0
910 0
911 0
912 0
913 0
914 1
915 0
916 1
917 1
918 0
919 0
920 1
921 0
922 0
923 0
924 0
925 1
926 1
927 1
928 0
929 1
930 0
931 0
932 1
933 0
934 0
935 1
936 1
937 0
938 1
939 0
940 0
941 0
942 0
943 0
944 0
945 0
946 0
947 0
948 0
949 1
950 0
951 0
952 0
953 0
954 1
955 0
956 1
957 0
958 0
959 1
960 0
961 1
962 1
963 0
964 0
965 1
966 1
967 1
968 1
969 0
970 0
971 1
972 1
973 0
974 1
975 0
976 1
977 0
978 0
979 0
980 0
981 1
982 0
983 1
984 0
985 0
986 0
987 0
988 0
989 0
990 0
991 0
992 1
993 0
994 0
995 0
996 0
997 1
998 1
999 1
1000 0
1001 0
1002 0
1003 1
1004 0
1005 1
1006 1
1007 1
1008 1
1009 1
1010 0
1011 0
1012 0
1013 0
1014 1
1015 0
1016 1
1017 0
1018 0
1019 0
1020 0
1021 0
1022 0
1023 1
1024 0
1025 0
1026 1
1027 0
1028 0
1029 0
1030 1
1031 0
1032 0
1033 0
1034 0
1035 1
1036 0
1037 1
1038 0
1039 1
1040 0
1041 0
1042 0
1043 0
1044 0
1045 1
1046 0
1047 1
1048 0
1049 1
1050 0
1051 0
1052 0
1053 0
1054 0
1055 0
1056 1
1057 0
1058 0
1059 0
1060 1
1061 0
1062 0
1063 0
1064 1
1065 0
1066 0
1067 0
1068 0
1069 0
1070 1
1071 0
1072 0
1073 0
1074 1
1075 0
1076 0
1077 0
1078 0
1079 1
1080 1
1081 0
1082 0
1083 0
1084 0
1085 0
1086 0
1087 1
1088 1
1089 0
1090 0
1091 0
1092 1
1093 1
1094 0
1095 0
1096 0
1097 0
1098 0
1099 1
1100 0
1101 0
1102 0
1103 1
1104 0
1105 0
1106 0
1107 0
1108 1
1109 1
1110 0
1111 0
1112 0
1113 0
1114 1
1115 0
1116 0
1117 0
1118 1
1119 1
1120 0
1121 0
1122 0
1123 1
1124 0
1125 1
1126 0
1127 0
1128 1
1129 0
1130 0
1131 0
1132 0
1133 0
1134 0
1135 0
1136 0
1137 0
1138 1
1139 0
1140 1
1141 1
1142 0
1143 0
1144 0
1145 0
1146 0
1147 1
1148 0
1149 0
1150 1
1151 0
1152 0
1153 0
1154 0
1155 1
1156 1
1157 0
1158 1
1159 0
1160 1
1161 0
1162 1
1163 0
1164 0
1165 1
1166 0
1167 0
1168 0
1169 0
1170 0
1171 0
1172 0
1173 1
1174 0
1175 1
1176 0
1177 0
1178 1
1179 1
1180 1
1181 0
1182 1
1183 0
1184 1
1185 0
1186 0
1187 1
1188 0
1189 0
1190 0
1191 0
1192 1
1193 0
1194 0
1195 0
1196 1
1197 1
1198 0
1199 0
1200 1
1201 0
1202 0
1203 0
1204 0
1205 0
1206 0
1207 0
1208 0
1209 1
1210 0
1211 1
1212 0
1213 0
1214 0
1215 0
1216 1
1217 1
1218 0
1219 0
1220 0
1221 1
1222 0
1223 0
1224 0
1225 0
1226 0
1227 0
1228 0
1229 1
1230 1
1231 0
1232 0
1233 1
1234 1
1235 1
1236 1
1237 0
1238 1
1239 1
1240 0
1241 0
1242 0
1243 0
1244 0
1245 0
1246 0
1247 0
1248 1
1249 1
1250 0
1251 1
1252 0
1253 0
1254 0
1255 1
1256 0
1257 0
1258 0
1259 0
1260 0
1261 0
1262 1
1263 0
1264 1
1265 0
1266 1
1267 0
1268 0
1269 0
1270 0
1271 0
1272 0
1273 0
1274 0
1275 0
1276 1
1277 0
1278 0
1279 1
1280 0
1281 1
1282 0
1283 0
1284 0
1285 0
1286 1
1287 0
1288 0
1289 1
1290 0
1291 0
1292 0
1293 0
1294 0
1295 1
1296 0
1297 0
1298 0
1299 0
1300 1
1301 1
1302 0
1303 0
1304 0
1305 0
1306 0
1307 0
1308 0
1309 1
1310 0
1311 0
1312 0
1313 0
1314 0
1315 0
1316 0
1317 0
1318 0
1319 1
1320 0
1321 0
1322 0
1323 1
1324 1
1325 1
1326 0
1327 1
1328 1
1329 0
1330 0
1331 0
1332 0
1333 0
1334 0
1335 0
1336 0
1337 0
1338 0
1339 0
1340 0
1341 1
1342 0
1343 0
1344 0
1345 0
1346 1
1347 1
1348 1
1349 1
1350 1
1351 0
1352 0
1353 0
1354 0
1355 0
1356 0
1357 0
1358 0
1359 1
1360 0
1361 0
1362 0
1363 1
1364 0
1365 0
1366 1
1367 0
1368 0
1369 0
1370 0
1371 1
1372 1
1373 0
1374 1
1375 0
1376 0
1377 0
1378 0
1379 0
1380 0
1381 0
1382 1
1383 0
1384 0
1385 0
1386 0
1387 0
1388 1
1389 0
1390 0
1391 0
1392 0
1393 0
1394 0
1395 0
1396 1
1397 0
1398 1
1399 1
1400 0
1401 0
1402 0
1403 0
1404 0
1405 0
1406 1
1407 0
1408 1
1409 1
1410 0
1411 0
1412 0
1413 0
1414 0
1415 0
1416 0
1417 0
1418 1
1419 0
1420 0
1421 0
1422 1
1423 0
1424 0
1425 0
1426 0
1427 0
1428 0
1429 0
1430 0
1431 0
1432 0
1433 1
1434 0
1435 0
1436 0
1437 0
1438 1
1439 0
1440 1
1441 0
1442 0
1443 0
1444 1
1445 0
1446 0
1447 0
1448 1
1449 0
1450 0
1451 1
1452 0
1453 0
1454 1
1455 1
1456 0
1457 0
1458 1
1459 0
1460 0
1461 0
1462 0
1463 1
1464 0
1465 0
1466 1
1467 0
1468 0
1469 0
1470 0
1471 0
1472 1
1473 0
1474 0
1475 0
1476 0
1477 1
1478 0
1479 0
1480 0
1481 1
1482 0
1483 0
1484 1
1485 0
1486 0
1487 0
1488 0
1489 1
1490 1
1491 0
1492 1
1493 0
1494 1
1495 0
1496 0
1497 0
1498 0
1499 1
1500 0
1501 0
1502 0
1503 0
1504 0
1505 0
1506 1
1507 0
1508 0
1509 1
1510 0
1511 0
1512 0
1513 0
1514 0
1515 1
1516 0
1517 0
1518 0
1519 0
1520 0
1521 0
1522 0
1523 1
1524 0
1525 0
1526 0
1527 0
1528 0
1529 0
1530 0
1531 1
1532 1
1533 1
1534 0
1535 0
1536 0
1537 1
1538 1
1539 0
1540 0
1541 0
1542 1
1543 1
1544 0
1545 0
1546 0
1547 0
1548 0
1549 1
1550 0
1551 0
1552 0
1553 0
1554 1
1555 0
1556 1
1557 0
1558 1
1559 0
1560 0
1561 1
1562 0
1563 0
1564 0
1565 1
1566 0
1567 0
1568 0
1569 1
1570 0
1571 0
1572 1
1573 0
1574 0
1575 1
1576 1
1577 0
1578 0
1579 0
1580 0
1581 1
1582 0
1583 0
1584 0
1585 1
1586 1
1587 0
1588 1
1589 1
1590 0
1591 1
1592 1
1593 0
1594 1
1595 1
1596 0
1597 0
1598 0
1599 0
1600 0
1601 0
1602 1
1603 0
1604 0
1605 1
1606 0
1607 0
1608 0
1609 0
1610 0
1611 1
1612 1
1613 0
1614 0
1615 0
1616 1
1617 1
1618 1
1619 0
1620 1
1621 1
1622 0
1623 1
1624 0
1625 0
1626 1
1627 0
1628 0
1629 0
1630 0
1631 0
1632 0
1633 0
1634 0
1635 0
1636 0
1637 0
1638 1
1639 0
1640 1
1641 0
1642 0
1643 0
1644 0
1645 0
1646 0
1647 1
1648 0
1649 0
1650 1
1651 0
1652 0
1653 0
1654 1
1655 0
1656 0
1657 1
1658 0
1659 1
1660 0
1661 0
1662 0
1663 1
1664 0
1665 1
1666 0
1667 0
1668 1
1669 1
1670 0
1671 1
1672 0
1673 0
1674 0
1675 0
1676 0
1677 1
1678 1
1679 1
1680 1
1681 1
1682 0
1683 0
1684 0
1685 0
1686 0
1687 1
1688 1
1689 0
1690 1
1691 1
1692 1
1693 0
1694 1
1695 0
1696 0
1697 0
1698 0
1699 1
1700 1
1701 0
1702 1
1703 1
1704 0
1705 1
1706 1
1707 0
1708 0
1709 1
1710 0
1711 0
1712 0
1713 1
1714 0
1715 1
1716 1
1717 0
1718 0
1719 0
1720 1
1721 1
1722 0
1723 1
1724 0
1725 0
1726 1
1727 1
1728 0
1729 1
1730 0
1731 0
1732 1
1733 0
1734 0
1735 0
1736 0
1737 0
1738 0
1739 0
1740 0
1741 0
1742 0
1743 0
1744 1
1745 1
1746 1
1747 0
1748 0
1749 0
1750 0
1751 0
1752 0
1753 0
1754 1
1755 0
1756 1
1757 0
1758 0
1759 0
1760 0
1761 0
1762 0
1763 0
1764 0
1765 1
1766 0
1767 1
1768 0
1769 1
1770 0
1771 1
1772 0
1773 0
1774 0
1775 1
1776 0
1777 0
1778 0
1779 0
1780 0
1781 1
1782 1
1783 0
1784 0
1785 1
1786 0
1787 1
1788 1
1789 1
1790 1
1791 0
1792 0
1793 0
1794 1
1795 0
1796 0
1797 0
1798 1
1799 0
1800 1
1801 0
1802 0
1803 0
1804 0
1805 0
1806 0
1807 0
1808 1
1809 0
1810 1
1811 1
1812 0
1813 0
1814 0
1815 0
1816 0
1817 0
1818 0
1819 0
1820 0
1821 0
1822 0
1823 0
1824 1
1825 0
1826 0
1827 0
1828 0
1829 0
1830 1
1831 0
1832 0
1833 0
1834 0
1835 0
1836 0
1837 1
1838 0
1839 1
1840 1
1841 0
1842 0
1843 0
1844 0
1845 1
1846 0
1847 0
1848 1
1849 0
1850 0
1851 0
1852 0
1853 0
1854 0
1855 0
1856 0
1857 0
1858 0
1859 0
1860 0
1861 1
1862 0
1863 1
1864 0
1865 1
1866 1
1867 0
1868 0
1869 0
1870 0
1871 0
1872 0
1873 0
1874 0
1875 0
1876 0
1877 1
1878 0
1879 1
1880 0
1881 0
1882 0
1883 0
1884 0
1885 0
1886 0
1887 0
1888 0
1889 1
1890 0
1891 0
1892 1
1893 0
1894 1
1895 0
1896 0
1897 0
1898 0
1899 0
1900 0
1901 0
1902 0
1903 1
1904 0
1905 1
1906 0
1907 0
1908 0
1909 1
1910 0
1911 1
1912 0
1913 0
1914 0
1915 0
1916 0
1917 0
1918 0
1919 0
1920 0
1921 1
1922 0
1923 0
1924 0
1925 1
1926 1
1927 1
1928 1
1929 0
1930 0
1931 0
1932 1
1933 1
1934 0
1935 0
1936 0
1937 1
1938 0
1939 0
1940 1
1941 0
1942 0
1943 0
1944 1
1945 0
1946 1
1947 1
1948 0
1949 1
1950 0
1951 1
1952 0
1953 1
1954 0
1955 1
1956 0
1957 1
1958 1
1959 0
1960 0
1961 0
1962 0
1963 1
1964 1
1965 0
1966 0
1967 0
1968 1
1969 1
1970 1
1971 0
1972 0
1973 0
1974 1
1975 1
1976 0
1977 0
1978 0
1979 0
1980 0
1981 0
1982 1
1983 0
1984 0
1985 0
1986 0
1987 0
1988 1
1989 1
1990 0
1991 1
1992 0
1993 1
1994 0
1995 0
1996 0
1997 1
1998 0
1999 1
2000 0
2001 0
2002 0
2003 1
2004 0
2005 1
2006 0
2007 1
2008 0
2009 0
2010 1
2011 0
2012 0
2013 1
2014 1
2015 0
2016 1
2017 0
2018 0
2019 0
2020 1
2021 1
2022 0
2023 0
2024 0
2025 0
2026 1
2027 0
2028 1
2029 1
2030 0
2031 0
2032 0
2033 0
2034 1
2035 1
2036 1
2037 1
2038 0
2039 0
2040 0
2041 0
2042 0
2043 1
2044 0
2045 1
2046 0
2047 1
2048 1
2049 0
2050 0
2051 0
2052 0
2053 1
2054 0
2055 0
2056 1
2057 0
2058 1
2059 0
2060 0
2061 0
2062 0
2063 0
2064 1
2065 0
2066 1
2067 0
2068 0
2069 0
2070 1
2071 1
2072 0
2073 1
2074 0
2075 0
2076 0
2077 0
2078 0
2079 0
2080 0
2081 0
2082 0
2083 0
2084 1
2085 1
2086 0
2087 0
2088 0
2089 0
2090 1
2091 1
2092 0
2093 0
2094 1
2095 0
2096 0
2097 0
2098 0
2099 0
2100 0
2101 0
2102 0
2103 0
2104 0
2105 1
2106 1
2107 0
2108 1
2109 0
2110 1
2111 0
2112 0
2113 0
2114 0
2115 0
2116 0
2117 1
2118 1
2119 0
2120 0
2121 0
2122 0
2123 1
2124 0
2125 1
2126 0
2127 0
2128 0
2129 1
2130 0
2131 0
2132 0
2133 0
2134 0
2135 0
2136 0
2137 0
2138 1
2139 0
2140 0
2141 0
2142 0
2143 1
2144 0
2145 1
2146 0
2147 0
2148 1
2149 1
2150 0
2151 0
2152 0
2153 1
2154 1
2155 0
2156 0
2157 1
2158 0
2159 0
2160 1
2161 0
2162 0
2163 1
2164 0
2165 0
2166 1
2167 1
2168 0
2169 0
2170 0
2171 0
2172 0
2173 1
2174 1
2175 0
2176 0
2177 1
2178 1
2179 0
2180 1
2181 0
2182 0
2183 0
2184 0
2185 0
2186 0
2187 1
2188 0
2189 1
2190 1
2191 1
2192 0
2193 0
2194 0
2195 1
2196 0
2197 0
2198 0
2199 0
2200 0
2201 0
2202 0
2203 0
2204 1
2205 0
2206 1
2207 0
2208 0
2209 1
2210 0
2211 1
2212 0
2213 0
2214 1
2215 1
2216 1
2217 0
2218 0
2219 0
2220 0
2221 0
2222 1
2223 0
2224 0
2225 1
2226 1
2227 0
2228 1
2229 0
2230 1
2231 0
2232 0
2233 1
2234 1
2235 0
2236 0
2237 1
2238 0
2239 0
2240 0
2241 1
2242 1
2243 0
2244 1
2245 0
2246 1
2247 1
2248 0
2249 0
2250 1
2251 1
2252 0
2253 1
2254 1
2255 0
2256 0
2257 1
2258 0
2259 1
2260 0
2261 0
2262 0
2263 0
2264 1
2265 0
2266 1
2267 0
2268 0
2269 0
2270 0
2271 0
2272 0
2273 0
2274 1
2275 0
2276 0
2277 0
2278 0
2279 1
2280 0
2281 0
2282 0
2283 1
2284 1
2285 1
2286 0
2287 1
2288 0
2289 1
2290 1
2291 0
2292 0
2293 0
2294 0
2295 1
2296 0
2297 0
2298 0
2299 0
2300 1
2301 0
2302 0
2303 0
2304 1
2305 0
2306 0
2307 0
2308 0
2309 0
2310 1
2311 0
2312 1
2313 0
2314 0
2315 0
2316 0
2317 0
2318 0
2319 0
2320 0
2321 1
2322 0
2323 1
2324 1
2325 0
2326 0
2327 1
2328 1
2329 1
2330 0
2331 1
2332 0
2333 0
2334 0
2335 0
2336 0
2337 0
2338 1
2339 0
2340 0
2341 0
2342 0
2343 0
2344 1
2345 0
2346 0
2347 0
2348 0
2349 0
2350 0
2351 0
2352 0
2353 0
2354 1
2355 0
2356 0
2357 0
2358 1
2359 0
2360 0
2361 0
2362 1
2363 0
2364 0
2365 0
2366 0
2367 0
2368 0
2369 0
2370 0
2371 0
2372 1
2373 0
2374 0
2375 0
2376 1
2377 1
2378 0
2379 0
2380 0
2381 1
2382 0
2383 0
2384 0
2385 0
2386 1
2387 0
2388 0
2389 0
2390 1
2391 1
2392 0
2393 0
2394 0
2395 0
2396 1
2397 1
2398 0
2399 0
2400 0
2401 0
2402 1
2403 0
2404 1
2405 0
2406 1
2407 0
2408 0
2409 0
2410 1
2411 0
2412 1
2413 0
2414 0
2415 1
2416 1
2417 0
2418 1
2419 0
2420 0
2421 0
2422 0
2423 0
2424 0
2425 0
2426 1
2427 0
2428 0
2429 1
2430 0
2431 1
2432 0
2433 0
2434 0
2435 0
2436 0
2437 0
2438 0
2439 0
2440 1
2441 0
2442 1
2443 1
2444 0
2445 0
2446 1
2447 0
2448 0
2449 0
2450 1
2451 0
2452 0
2453 0
2454 0
2455 0
2456 0
2457 1
2458 0
2459 0
2460 1
2461 0
2462 1
2463 0
2464 0
2465 1
2466 0
2467 0
2468 1
2469 0
2470 0
2471 0
2472 0
2473 0
2474 1
2475 0
2476 0
2477 1
2478 0
2479 0
2480 1
2481 0
2482 1
2483 0
2484 0
2485 0
2486 1
2487 0
2488 1
2489 0
2490 0
2491 0
2492 1
2493 0
2494 0
2495 1
2496 0
2497 0
2498 0
2499 0
2500 0
2501 0
2502 1
2503 1
2504 1
2505 0
2506 1
2507 0
2508 1
2509 1
2510 1
2511 0
2512 0
2513 0
2514 1
2515 0
2516 1
2517 0
2518 0
2519 0
2520 0
2521 0
2522 0
2523 0
2524 0
2525 1
2526 1
2527 1
2528 1
2529 0
2530 0
2531 0
2532 0
2533 1
2534 0
2535 0
2536 1
2537 0
2538 0
2539 1
2540 0
2541 0
2542 0
2543 0
2544 0
2545 0
2546 0
2547 0
2548 0
2549 0
2550 0
2551 1
2552 0
2553 0
2554 0
2555 0
2556 0
2557 1
2558 0
2559 0
2560 1
2561 0
2562 0
2563 1
2564 0
2565 1
2566 0
2567 0
2568 0
2569 0
2570 0
2571 0
2572 0
2573 0
2574 0
2575 0
2576 0
2577 0
2578 1
2579 0
2580 0
2581 1
2582 0
2583 0
2584 1
2585 1
2586 1
2587 0
2588 0
2589 0
2590 0
2591 1
2592 0
2593 0
2594 0
2595 0
2596 1
2597 1
2598 1
2599 0
2600 0
2601 0
2602 0
2603 0
2604 1
2605 0
2606 0
2607 0
2608 0
2609 0
2610 0
2611 0
2612 1
2613 0
2614 0
2615 0
2616 1
2617 1
2618 0
2619 0
2620 0
2621 0
2622 1
2623 0
2624 0
2625 1
2626 0
2627 0
2628 0
2629 0
2630 0
2631 0
2632 1
2633 0
2634 0
2635 1
2636 0
2637 0
2638 0
2639 0
2640 0
2641 0
2642 0
2643 0
2644 0
2645 1
2646 0
2647 0
2648 1
2649 0
2650 1
2651 1
2652 0
2653 1
2654 1
2655 0
2656 1
2657 1
2658 0
2659 0
2660 0
2661 0
2662 0
2663 1
2664 0
2665 1
2666 1
2667 0
2668 0
2669 0
2670 1
2671 0
2672 0
2673 1
2674 0
2675 0
2676 1
2677 1
2678 1
2679 0
2680 0
2681 0
2682 1
2683 1
2684 0
2685 0
2686 0
2687 0
2688 1
2689 0
2690 0
2691 0
2692 0
2693 0
2694 0
2695 0
2696 0
2697 0
2698 0
2699 1
2700 1
2701 0
2702 1
2703 0
2704 0
2705 0
2706 0
2707 0
2708 1
2709 0
2710 0
2711 0
2712 1
2713 0
2714 0
2715 0
2716 0
2717 0
2718 1
2719 0
2720 0
2721 0
2722 1
2723 1
2724 0
2725 0
2726 0
2727 0
2728 0
2729 1
2730 1
2731 0
2732 0
2733 1
2734 0
2735 0
2736 1
2737 0
2738 0
2739 1
2740 0
2741 0
2742 0
2743 0
2744 0
2745 0
2746 0
2747 1
2748 1
2749 0
2750 1
2751 0
2752 0
2753 1
2754 0
2755 1
2756 1
2757 1
2758 0
2759 1
2760 0
2761 0
2762 1
2763 0
2764 0
2765 0
2766 1
2767 0
2768 0
2769 0
2770 0
2771 1
2772 0
2773 0
2774 0
2775 1
2776 0
2777 1
2778 0
2779 0
2780 1
2781 1
2782 1
2783 0
2784 0
2785 0
2786 1
2787 0
2788 1
2789 0
2790 0
2791 1
2792 0
2793 1
2794 0
2795 0
2796 0
2797 1
2798 0
2799 0
2800 0
2801 0
2802 0
2803 0
2804 0
2805 1
2806 0
2807 0
2808 1
2809 0
2810 1
2811 1
2812 0
2813 0
2814 0
2815 0
2816 1
2817 0
2818 0
2819 1
2820 1
2821 0
2822 0
2823 1
2824 1
2825 1
2826 0
2827 0
2828 1
2829 0
2830 0
2831 1
2832 0
2833 0
2834 0
2835 0
2836 0
2837 1
2838 0
2839 0
2840 0
2841 1
2842 0
2843 0
2844 0
2845 0
2846 1
2847 1
2848 1
2849 0
2850 0
2851 0
2852 0
2853 0
2854 0
2855 0
2856 0
2857 0
2858 1
2859 0
2860 1
2861 0
2862 0
2863 1
2864 0
2865 1
2866 1
2867 0
2868 0
2869 0
2870 0
2871 0
2872 1
2873 1
2874 1
2875 0
2876 1
2877 0
2878 1
2879 1
2880 0
2881 0
2882 0
2883 0
2884 0
2885 0
2886 1
2887 0
2888 1
2889 0
2890 1
2891 0
2892 1
2893 0
2894 0
2895 0
2896 1
2897 0
2898 0
2899 0
2900 0
2901 0
2902 0
2903 0
2904 0
2905 1
2906 1
2907 0
2908 1
2909 0
2910 0
2911 0
2912 0
2913 0
2914 1
2915 0
2916 1
2917 0
2918 0
2919 0
2920 0
2921 0
2922 0
2923 0
2924 0
2925 1
2926 0
2927 0
2928 1
2929 0
2930 0
2931 1
2932 0
2933 1
2934 0
2935 1
2936 0
2937 1
2938 1
2939 0
2940 0
2941 1
2942 0
2943 0
2944 1
2945 0
2946 0
2947 0
2948 0
2949 0
2950 1
2951 1
2952 0
2953 0
2954 0
2955 1
2956 0
2957 1
2958 0
2959 0
2960 0
2961 0
2962 0
2963 0
2964 0
2965 0
2966 1
2967 0
2968 0
2969 1
2970 1
2971 0
2972 1
2973 1
2974 0
2975 0
2976 0
2977 0
2978 0
2979 1
2980 0
2981 0
2982 0
2983 0
2984 1
2985 0
2986 0
2987 0
2988 0
2989 0
2990 0
2991 0
2992 0
2993 0
2994 1
2995 0
2996 0
2997 1
2998 0
2999 0
3000 0
3001 0
3002 0
3003 1
3004 0
3005 0
3006 0
3007 1
3008 0
3009 0
3010 0
3011 0
3012 0
3013 0
3014 0
3015 0
3016 0
3017 0
3018 0
3019 0
3020 0
3021 0
3022 0
3023 0
3024 0
3025 1
3026 0
3027 0
3028 0
3029 0
3030 0
3031 0
3032 0
3033 0
3034 0
3035 0
3036 1
3037 0
3038 1
3039 1
3040 0
3041 0
3042 0
3043 0
3044 1
3045 0
3046 1
3047 0
3048 1
3049 1
3050 0
3051 0
3052 0
3053 0
3054 1
3055 0
3056 1
3057 0
3058 0
3059 0
3060 0
3061 1
3062 1
3063 0
3064 1
3065 1
3066 1
3067 0
3068 0
3069 0
3070 0
3071 1
3072 1
3073 0
3074 0
3075 0
3076 0
3077 1
3078 1
3079 0
3080 1
3081 1
3082 1
3083 0
3084 0
3085 0
3086 1
3087 0
3088 1
3089 0
3090 0
3091 0
3092 0
3093 0
3094 0
3095 0
3096 0
3097 0
3098 0
3099 0
3100 0
3101 0
3102 1
3103 0
3104 0
3105 0
3106 0
3107 0
3108 0
3109 0
3110 1
3111 0
3112 0
3113 1
3114 0
3115 0
3116 1
3117 0
3118 0
3119 0
3120 1
3121 1
3122 0
3123 1
3124 1
3125 0
3126 0
3127 0
3128 1
3129 1
3130 0
3131 0
3132 1
3133 0
3134 0
3135 1
3136 1
3137 1
3138 0
3139 0
3140 0
3141 0
3142 0
3143 0
3144 0
3145 1
3146 0
3147 0
3148 0
3149 1
3150 0
3151 0
3152 0
3153 0
3154 0
3155 0
3156 0
3157 0
3158 0
3159 0
3160 1
3161 0
3162 0
3163 1
3164 0
3165 1
3166 0
3167 0
3168 1
3169 0
3170 0
3171 0
3172 0
3173 0
3174 0
3175 0
3176 0
3177 0
3178 1
3179 1
3180 0
3181 0
3182 0
3183 0
3184 0
3185 0
3186 0
3187 0
3188 1
3189 1
3190 0
3191 1
3192 1
3193 0
3194 0
3195 0
3196 1
3197 0
3198 0
3199 0
3200 0
3201 0
3202 0
3203 0
3204 1
3205 0
3206 1
3207 0
3208 0
3209 0
3210 1
3211 0
3212 0
3213 0
3214 0
3215 0
3216 1
3217 1
3218 0
3219 0
3220 0
3221 0
3222 0
3223 0
3224 1
3225 0
3226 1
3227 0
3228 1
3229 0
3230 1
3231 0
3232 0
3233 1
3234 0
3235 0
3236 0
3237 0
3238 1
3239 0
3240 1
3241 0
3242 1
3243 0
3244 0
3245 1
3246 0
3247 1
3248 0
3249 1
3250 0
3251 0
3252 1
3253 0
3254 1
3255 0
3256 0
3257 0
3258 0
3259 0
3260 0
3261 1
3262 0
3263 0
3264 1
3265 0
3266 1
3267 0
3268 0
3269 0
3270 0
3271 0
3272 0
3273 0
3274 0
3275 1
3276 0
3277 0
3278 0
3279 0
3280 0
3281 0
3282 0
3283 0
3284 0
3285 1
3286 0
3287 0
3288 1
3289 0
3290 0
3291 0
3292 0
3293 0
3294 0
3295 1
3296 0
3297 0
3298 0
3299 0
3300 0
3301 0
3302 0
3303 0
3304 1
3305 0
3306 1
3307 0
3308 0
3309 0
3310 1
3311 1
3312 0
3313 0
3314 1
3315 1
3316 0
3317 0
3318 1
3319 1
3320 0
3321 0
3322 0
3323 0
3324 0
3325 0
3326 0
3327 0
3328 1
3329 0
3330 1
3331 1
3332 1
3333 0
3334 0
3335 1
3336 0
3337 0
3338 0
3339 1
3340 1
3341 0
3342 0
3343 0
3344 1
3345 0
3346 0
3347 0
3348 1
3349 0
3350 0
3351 1
3352 1
3353 1
3354 0
3355 0
3356 0
3357 0
3358 0
3359 1
3360 1
3361 0
3362 0
3363 0
3364 1
3365 0
3366 0
3367 0
3368 0
3369 0
3370 1
3371 0
3372 0
3373 0
3374 1
3375 0
3376 0
3377 0
3378 0
3379 0
3380 0
3381 0
3382 0
3383 1
3384 0
3385 1
3386 0
3387 1
3388 0
3389 0
3390 0
3391 1
3392 0
3393 1
3394 0
3395 0
3396 1
3397 0
3398 0
3399 0
3400 0
3401 0
3402 0
3403 1
3404 0
3405 0
3406 0
3407 0
3408 0
3409 0
3410 1
3411 0
3412 1
3413 0
3414 1
3415 1
3416 0
3417 0
3418 1
3419 0
3420 0
3421 0
3422 0
3423 0
3424 0
3425 0
3426 1
3427 1
3428 0
3429 0
3430 0
3431 0
3432 0
3433 0
3434 0
3435 0
3436 0
3437 1
3438 0
3439 0
3440 1
3441 1
3442 1
3443 0
3444 1
3445 1
3446 0
3447 0
3448 1
3449 0
3450 0
3451 0
3452 0
3453 0
3454 1
3455 0
3456 0
3457 0
3458 0
3459 1
3460 0
3461 1
3462 1
3463 0
3464 0
3465 0
3466 1
3467 0
3468 0
3469 0
3470 0
3471 0
3472 0
3473 1
3474 0
3475 1
3476 0
3477 1
3478 0
3479 0
3480 0
3481 0
3482 0
3483 0
3484 0
3485 0
3486 0
3487 0
3488 0
3489 1
3490 0
3491 0
3492 0
3493 1
3494 0
3495 1
3496 1
3497 0
3498 0
3499 0
3500 0
3501 0
3502 1
3503 0
3504 0
3505 0
3506 0
3507 0
3508 0
3509 1
3510 0
3511 1
3512 1
3513 1
3514 0
3515 0
3516 0
3517 0
3518 0
3519 0
3520 0
3521 1
3522 0
3523 0
3524 0
3525 0
3526 1
3527 0
3528 0
3529 0
3530 0
3531 0
3532 0
3533 1
3534 0
3535 0
3536 0
3537 1
3538 1
3539 0
3540 1
3541 0
3542 0
3543 0
3544 0
3545 0
3546 0
3547 0
3548 0
3549 0
3550 1
3551 0
3552 0
3553 1
3554 0
3555 0
3556 1
3557 0
3558 1
3559 0
3560 1
3561 0
3562 1
3563 0
3564 0
3565 1
3566 0
3567 1
3568 0
3569 0
3570 0
3571 1
3572 0
3573 0
3574 0
3575 0
3576 1
3577 0
3578 0
3579 0
3580 0
3581 0
3582 0
3583 0
3584 1
3585 1
3586 0
3587 1
3588 0
3589 1
3590 0
3591 0
3592 1
3593 0
3594 0
3595 0
3596 0
3597 1
3598 1
3599 0
3600 0
3601 1
3602 1
3603 0
3604 0
3605 1
3606 0
3607 1
3608 0
3609 0
3610 0
3611 1
3612 0
3613 1
3614 0
3615 1
3616 1
3617 0
3618 1
3619 0
3620 0
3621 1
3622 1
3623 0
3624 1
3625 1
3626 1
3627 1
3628 0
3629 0
3630 0
3631 0
3632 0
3633 1
3634 0
3635 0
3636 1
3637 0
3638 0
3639 0
3640 0
3641 0
3642 0
3643 1
3644 0
3645 0
3646 1
3647 1
3648 1
3649 1
3650 1
3651 0
3652 0
3653 0
3654 1
3655 0
3656 1
3657 1
3658 0
3659 1
3660 0
3661 0
3662 0
3663 0
3664 0
3665 0
3666 1
3667 0
3668 0
3669 1
3670 0
3671 0
3672 0
3673 0
3674 1
3675 1
3676 0
3677 1
3678 1
3679 0
3680 0
3681 0
3682 1
3683 0
3684 0
3685 1
3686 0
3687 0
3688 0
3689 0
3690 0
3691 1
3692 0
3693 0
3694 1
3695 1
3696 1
3697 0
3698 0
3699 0
3700 0
3701 0
3702 0
3703 0
3704 1
3705 1
3706 0
3707 1
3708 1
3709 0
3710 1
3711 1
3712 0
3713 0
3714 0
3715 0
3716 0
3717 0
3718 0
3719 1
3720 1
3721 0
3722 0
3723 0
3724 0
3725 0
3726 0
3727 1
3728 1
3729 0
3730 1
3731 1
3732 0
3733 0
3734 1
3735 1
3736 0
3737 1
3738 1
3739 0
3740 0
3741 0
3742 0
3743 0
3744 0
3745 0
3746 0
3747 0
3748 0
3749 0
3750 1
3751 1
3752 0
3753 0
3754 1
3755 0
3756 1
3757 1
3758 0
3759 0
3760 1
3761 1
3762 0
3763 1
3764 1
3765 0
3766 0
3767 1
3768 0
3769 0
3770 0
3771 0
3772 1
3773 0
3774 1
3775 0
3776 1
3777 0
3778 0
3779 1
3780 0
3781 1
3782 0
3783 0
3784 0
3785 1
3786 0
3787 1
3788 0
3789 0
3790 0
3791 0
3792 1
3793 0
3794 0
3795 0
3796 1
3797 0
3798 0
3799 0
3800 0
3801 0
3802 1
3803 0
3804 0
3805 0
3806 0
3807 0
3808 0
3809 0
3810 0
3811 1
3812 1
3813 0
3814 0
3815 0
3816 1
3817 0
3818 1
3819 1
3820 0
3821 1
3822 0
3823 1
3824 0
3825 1
3826 1
3827 1
3828 0
3829 0
3830 1
3831 0
3832 0
3833 1
3834 0
3835 0
3836 0
3837 0
3838 0
3839 0
3840 0
3841 1
3842 0
3843 1
3844 0
3845 0
3846 0
3847 0
3848 0
3849 0
3850 0
3851 1
3852 0
3853 0
3854 1
3855 1
3856 1
3857 0
3858 1
3859 0
3860 0
3861 0
3862 0
3863 0
3864 0
3865 1
3866 0
3867 0
3868 1
3869 1
3870 1
3871 1
3872 0
3873 0
3874 0
3875 1
3876 0
3877 0
3878 0
3879 1
3880 0
3881 0
3882 1
3883 1
3884 0
3885 0
3886 0
3887 0
3888 0
3889 0
3890 1
3891 0
3892 0
3893 0
3894 0
3895 0
3896 1
3897 1
3898 0
3899 0
3900 0
3901 0
3902 0
3903 1
3904 0
3905 1
3906 0
3907 0
3908 0
3909 0
3910 0
3911 0
3912 0
3913 0
3914 0
3915 0
3916 0
3917 1
3918 0
3919 0
3920 0
3921 0
3922 0
3923 0
3924 1
3925 0
3926 0
3927 0
3928 0
3929 0
3930 1
3931 0
3932 0
3933 0
3934 1
3935 1
3936 0
3937 1
3938 1
3939 1
3940 1
3941 1
3942 0
3943 1
3944 1
3945 1
3946 0
3947 1
3948 0
3949 0
3950 0
3951 1
3952 0
3953 0
3954 0
3955 1
3956 0
3957 0
3958 1
3959 0
3960 0
3961 0
3962 0
3963 0
3964 1
3965 0
3966 0
3967 0
3968 0
3969 0
3970 0
3971 1
3972 0
3973 0
3974 0
3975 1
3976 0
3977 0
3978 0
3979 1
3980 0
3981 0
3982 1
3983 0
3984 0
3985 1
3986 0
3987 1
3988 0
3989 1
3990 0
3991 0
3992 1
3993 0
3994 0
3995 1
3996 1
3997 0
3998 0
3999 1
4000 1
4001 0
4002 0
4003 1
4004 1
4005 1
4006 1
4007 1
4008 0
4009 0
4010 1
4011 1
4012 0
4013 1
4014 0
4015 1
4016 1
4017 0
4018 1
4019 0
4020 1
4021 1
4022 0
4023 1
4024 1
4025 1
4026 1
4027 1
4028 1
4029 0
4030 1
4031 1
4032 1
4033 1
4034 1
4035 0
4036 0
4037 1
4038 0
4039 1
4040 0
4041 0
4042 0
4043 0
4044 1
4045 1
4046 0
4047 1
4048 1
4049 1
4050 1
4051 1
4052 1
4053 1
4054 0
4055 1
4056 1
4057 1
4058 1
4059 1
4060 1
4061 1
4062 1
4063 1
4064 1
4065 0
4066 1
4067 1
4068 1
4069 1
4070 0
4071 1
4072 1
4073 0
4074 0
4075 0
4076 1
4077 0
4078 1
4079 0
4080 1
4081 1
4082 1
4083 1
4084 1
4085 0
4086 1
4087 1
4088 1
4089 1
4090 1
4091 0
4092 1
4093 1
4094 0
4095 0
4096 0
4097 0
4098 0
4099 1
4100 0
4101 1
4102 1
4103 1
4104 1
4105 1
4106 1
4107 0
4108 1
4109 1
4110 0
4111 1
4112 0
4113 1
4114 0
4115 1
4116 0
4117 1
4118 1
4119 0
4120 0
4121 1
4122 1
4123 0
4124 1
4125 1
4126 1
4127 1
4128 0
4129 0
4130 0
4131 1
4132 0
4133 1
4134 1
4135 1
4136 1
4137 1
4138 0
4139 1
4140 0
4141 1
4142 1
4143 1
4144 1
4145 1
4146 1
4147 1
4148 0
4149 1
4150 0
4151 0
4152 1
4153 1
4154 1
4155 1
4156 0
4157 1
4158 1
4159 1
4160 1
4161 1
4162 1
4163 0
4164 0
4165 1
4166 1
4167 0
4168 1
4169 1
4170 0
4171 1
4172 0
4173 1
4174 1
4175 1
4176 1
4177 1
4178 1
4179 0
4180 0
4181 0
4182 1
4183 1
4184 1
4185 1
4186 1
4187 1
4188 1
4189 1
4190 1
4191 0
4192 1
4193 1
4194 0
4195 0
4196 0
4197 0
4198 1
4199 1
4200 0
4201 1
4202 1
4203 1
4204 1
4205 1
4206 1
4207 0
4208 1
4209 0
4210 0
4211 1
4212 1
4213 1
4214 1
4215 1
4216 1
4217 1
4218 0
4219 0
4220 0
4221 0
4222 0
4223 1
4224 0
4225 1
4226 1
4227 1
4228 1
4229 1
4230 0
4231 1
4232 0
4233 0
4234 1
4235 0
4236 1
4237 0
4238 1
4239 1
4240 0
4241 1
4242 1
4243 1
4244 1
4245 0
4246 0
4247 0
4248 1
4249 0
4250 1
4251 1
4252 1
4253 1
4254 1
4255 1
4256 0
4257 1
4258 0
4259 1
4260 1
4261 1
4262 1
4263 1
4264 0
4265 1
4266 1
4267 1
4268 1
4269 1
4270 0
4271 1
4272 1
4273 0
4274 1
4275 0
4276 1
4277 0
4278 1
4279 1
4280 1
4281 1
4282 0
4283 1
4284 1
4285 1
4286 0
4287 0
4288 1
4289 1
4290 1
4291 1
4292 1
4293 1
4294 1
4295 1
4296 1
4297 1
4298 1
4299 1
4300 1
4301 1
4302 1
4303 1
4304 1
4305 1
4306 1
4307 1
4308 1
4309 1
4310 1
4311 1
4312 0
4313 1
4314 0
4315 0
4316 0
4317 1
4318 0
4319 0
4320 0
4321 1
4322 1
4323 1
4324 1
4325 1
4326 1
4327 0
4328 1
4329 0
4330 1
4331 0
4332 1
4333 1
4334 1
4335 1
4336 1
4337 1
4338 0
4339 1
4340 1
4341 1
4342 0
4343 1
4344 0
4345 0
4346 1
4347 1
4348 1
4349 0
4350 1
4351 0
4352 1
4353 1
4354 1
4355 1
4356 1
4357 1
4358 1
4359 1
4360 1
4361 1
4362 1
4363 1
4364 0
4365 1
4366 0
4367 1
4368 1
4369 1
4370 1
4371 0
4372 0
4373 0
4374 1
4375 1
4376 1
4377 1
4378 1
4379 1
4380 0
4381 1
4382 1
4383 1
4384 0
4385 1
4386 1
4387 1
4388 0
4389 1
4390 1
4391 1
4392 0
4393 1
4394 1
4395 1
4396 1
4397 1
4398 0
4399 1
4400 1
4401 1
4402 1
4403 1
4404 1
4405 0
4406 1
4407 1
4408 1
4409 1
4410 1
4411 1
4412 0
4413 1
4414 1
4415 1
4416 0
4417 0
4418 1
4419 1
4420 1
4421 1
4422 1
4423 1
4424 1
4425 1
4426 1
4427 0
4428 0
4429 0
4430 1
4431 0
4432 1
4433 0
4434 1
4435 1
4436 0
4437 0
4438 1
4439 1
4440 1
4441 0
4442 1
4443 0
4444 0
4445 0
4446 1
4447 1
4448 0
4449 1
4450 1
4451 0
4452 1
4453 1
4454 1
4455 0
4456 0
4457 1
4458 0
4459 0
4460 1
4461 1
4462 0
4463 1
4464 1
4465 1
4466 1
4467 1
4468 1
4469 0
4470 1
4471 1
4472 1
4473 1
4474 0
4475 1
4476 1
4477 0
4478 1
4479 0
4480 1
4481 1
4482 0
4483 1
4484 1
4485 0
4486 0
4487 0
4488 1
4489 0
4490 1
4491 1
4492 1
4493 1
4494 1
4495 0
4496 0
4497 1
4498 1
4499 1
4500 1
4501 0
4502 0
4503 1
4504 1
4505 1
4506 0
4507 1
4508 0
4509 1
4510 1
4511 0
4512 1
4513 0
4514 1
4515 1
4516 1
4517 0
4518 1
4519 1
4520 1
4521 1
4522 1
4523 0
4524 0
4525 1
4526 1
4527 0
4528 0
4529 1
4530 0
4531 1
4532 0
4533 1
4534 1
4535 1
4536 0
4537 1
4538 1
4539 1
4540 1
4541 1
4542 1
4543 1
4544 1
4545 1
4546 1
4547 1
4548 1
4549 0
4550 0
4551 1
4552 1
4553 0
4554 0
4555 0
4556 1
4557 0
4558 1
4559 1
4560 0
4561 0
4562 1
4563 0
4564 1
4565 1
4566 0
4567 0
4568 1
4569 0
4570 1
4571 1
4572 1
4573 0
4574 1
4575 1
4576 0
4577 1
4578 1
4579 1
4580 1
4581 1
4582 1
4583 1
4584 1
4585 0
4586 1
4587 0
4588 0
4589 1
4590 0
4591 1
4592 1
4593 1
4594 0
4595 1
4596 0
4597 1
4598 1
4599 1
4600 0
4601 1
4602 1
4603 1
4604 0
4605 0
4606 0
4607 1
4608 1
4609 0
4610 1
4611 1
4612 1
4613 0
4614 1
4615 0
4616 0
4617 1
4618 0
4619 1
4620 0
4621 1
4622 1
4623 1
4624 1
4625 1
4626 0
4627 1
4628 1
4629 1
4630 1
4631 1
4632 1
4633 1
4634 1
4635 1
4636 0
4637 0
4638 0
4639 1
4640 1
4641 1
4642 1
4643 0
4644 1
4645 0
4646 0
4647 1
4648 1
4649 0
4650 0
4651 1
4652 1
4653 1
4654 1
4655 0
4656 0
4657 0
4658 1
4659 1
4660 0
4661 1
4662 1
4663 1
4664 0
4665 0
4666 1
4667 0
4668 1
4669 0
4670 0
4671 1
4672 1
4673 1
4674 1
4675 1
4676 0
4677 1
4678 1
4679 1
4680 1
4681 1
4682 0
4683 1
4684 1
4685 0
4686 1
4687 1
4688 0
4689 1
4690 1
4691 1
4692 1
4693 1
4694 1
4695 1
4696 1
4697 0
4698 1
4699 1
4700 1
4701 0
4702 1
4703 1
4704 0
4705 1
4706 0
4707 1
4708 1
4709 0
4710 1
4711 0
4712 1
4713 1
4714 0
4715 1
4716 1
4717 1
4718 0
4719 0
4720 0
4721 1
4722 1
4723 1
4724 1
4725 1
4726 1
4727 0
4728 1
4729 0
4730 0
4731 1
4732 0
4733 1
4734 1
4735 0
4736 1
4737 0
4738 0
4739 0
4740 1
4741 0
4742 1
4743 1
4744 1
4745 1
4746 1
4747 0
4748 1
4749 0
4750 1
4751 0
4752 0
4753 1
4754 1
4755 0
4756 1
4757 0
4758 0
4759 1
4760 0
4761 1
4762 1
4763 1
4764 1
4765 1
4766 1
4767 0
4768 0
4769 1
4770 1
4771 1
4772 1
4773 1
4774 0
4775 1
4776 1
4777 1
4778 0
4779 1
4780 1
4781 1
4782 1
4783 0
4784 0
4785 0
4786 1
4787 1
4788 1
4789 1
4790 0
4791 1
4792 1
4793 1
4794 1
4795 1
4796 1
4797 1
4798 0
4799 0
4800 1
4801 1
4802 0
4803 1
4804 1
4805 1
4806 1
4807 0
4808 0
4809 1
4810 1
4811 1
4812 1
4813 0
4814 1
4815 0
4816 0
4817 0
4818 0
4819 1
4820 1
4821 0
4822 0
4823 1
4824 1
4825 1
4826 1
4827 0
4828 1
4829 0
4830 0
4831 1
4832 1
4833 0
4834 0
4835 1
4836 1
4837 1
4838 0
4839 1
4840 1
4841 1
4842 1
4843 1
4844 0
4845 1
4846 0
4847 0
4848 1
4849 1
4850 0
4851 1
4852 0
4853 1
4854 1
4855 1
4856 0
4857 0
4858 1
4859 1
4860 0
4861 1
4862 1
4863 1
4864 1
4865 1
4866 1
4867 0
4868 1
4869 0
4870 1
4871 1
4872 1
4873 0
4874 0
4875 1
4876 1
4877 1
4878 1
4879 1
4880 1
4881 1
4882 0
4883 1
4884 1
4885 0
4886 1
4887 1
4888 0
4889 1
4890 1
4891 1
4892 1
4893 1
4894 1
4895 1
4896 1
4897 0
4898 1
4899 1
4900 0
4901 1
4902 0
4903 0
4904 0
4905 1
4906 1
4907 1
4908 0
4909 0
4910 1
4911 0
4912 1
4913 0
4914 1
4915 0
4916 0
4917 1
4918 0
4919 1
4920 1
4921 1
4922 1
4923 1
4924 1
4925 1
4926 1
4927 1
4928 0
4929 0
4930 1
4931 1
4932 1
4933 0
4934 1
4935 1
4936 1
4937 1
4938 1
4939 1
4940 1
4941 1
4942 1
4943 1
4944 1
4945 1
4946 0
4947 1
4948 1
4949 1
4950 0
4951 1
4952 1
4953 1
4954 0
4955 0
4956 0
4957 1
4958 1
4959 1
4960 0
4961 0
4962 1
4963 1
4964 1
4965 0
4966 1
4967 1
4968 1
4969 1
4970 1
4971 1
4972 0
4973 0
4974 1
4975 0
4976 0
4977 0
4978 1
4979 0
4980 1
4981 1
4982 1
4983 1
4984 0
4985 1
4986 1
4987 0
4988 1
4989 1
4990 0
4991 0
4992 1
4993 0
4994 0
4995 1
4996 0
4997 1
4998 1
4999 1
5000 1
5001 1
5002 1
5003 1
5004 0
5005 1
5006 1
5007 1
5008 1
5009 1
5010 1
5011 1
5012 1
5013 1
5014 1
5015 1
5016 1
5017 1
5018 1
5019 1
5020 1
5021 0
5022 1
5023 1
5024 0
5025 0
5026 1
5027 0
5028 0
5029 0
5030 1
5031 1
5032 0
5033 0
5034 1
5035 1
5036 0
5037 1
5038 0
5039 0
5040 0
5041 1
5042 0
5043 0
5044 0
5045 0
5046 1
5047 1
5048 1
5049 0
5050 1
5051 1
5052 0
5053 1
5054 0
5055 0
5056 1
5057 1
5058 0
5059 1
5060 0
5061 1
5062 1
5063 0
5064 1
5065 1
5066 0
5067 1
5068 1
5069 1
5070 1
5071 0
5072 0
5073 1
5074 1
5075 1
5076 0
5077 1
5078 1
5079 0
5080 1
5081 1
5082 1
5083 1
5084 1
5085 1
5086 0
5087 1
5088 1
5089 0
5090 1
5091 0
5092 1
5093 1
5094 1
5095 1
5096 0
5097 1
5098 0
5099 0
5100 0
5101 1
5102 1
5103 1
5104 1
5105 1
5106 1
5107 1
5108 1
5109 0
5110 1
5111 1
5112 0
5113 1
5114 1
5115 1
5116 0
5117 1
5118 0
5119 0
5120 1
5121 1
5122 0
5123 0
5124 1
5125 0
5126 1
5127 1
5128 1
5129 1
5130 1
5131 1
5132 1
5133 1
5134 1
5135 1
5136 1
5137 1
5138 1
5139 1
5140 1
5141 1
5142 1
5143 1
5144 1
5145 0
5146 1
5147 0
5148 0
5149 0
5150 1
5151 1
5152 1
5153 1
5154 0
5155 0
5156 1
5157 1
5158 1
5159 1
5160 0
5161 0
5162 1
5163 0
5164 1
5165 1
5166 0
5167 0
5168 0
5169 1
5170 1
5171 1
5172 1
5173 1
5174 1
5175 1
5176 1
5177 0
5178 1
5179 1
5180 1
5181 1
5182 1
5183 1
5184 1
5185 1
5186 1
5187 1
5188 1
5189 1
5190 1
5191 1
5192 1
5193 1
5194 0
5195 1
5196 1
5197 1
5198 1
5199 1
5200 1
5201 1
5202 1
5203 1
5204 1
5205 1
5206 1
5207 0
5208 1
5209 1
5210 1
5211 1
5212 1
5213 0
5214 0
5215 1
5216 1
5217 0
5218 0
5219 1
5220 1
5221 1
5222 1
5223 1
5224 1
5225 1
5226 0
5227 1
5228 1
5229 1
5230 0
5231 1
5232 1
5233 1
5234 1
5235 1
5236 1
5237 1
5238 1
5239 0
5240 1
5241 1
5242 1
5243 1
5244 1
5245 1
5246 1
5247 1
5248 1
5249 1
5250 1
5251 0
5252 0
5253 1
5254 1
5255 1
5256 0
5257 0
5258 1
5259 0
5260 1
5261 0
5262 1
5263 1
5264 1
5265 1
5266 1
5267 1
5268 1
5269 1
5270 0
5271 1
5272 0
5273 1
5274 1
5275 1
5276 0
5277 0
5278 1
5279 1
5280 1
5281 0
5282 1
5283 0
5284 1
5285 0
5286 1
5287 1
5288 1
5289 0
5290 0
5291 1
5292 0
5293 1
5294 1
5295 1
5296 1
5297 1
5298 1
5299 1
5300 1
5301 0
5302 1
5303 1
5304 1
5305 0
5306 1
5307 1
5308 1
5309 0
5310 1
5311 0
5312 1
5313 0
5314 1
5315 0
5316 0
5317 1
5318 1
5319 1
5320 1
5321 1
5322 0
5323 1
5324 1
5325 1
5326 0
5327 1
5328 1
5329 0
5330 1
5331 1
5332 1
5333 0
5334 1
5335 1
5336 0
5337 0
5338 1
5339 1
5340 0
5341 0
5342 1
5343 1
5344 1
5345 1
5346 1
5347 1
5348 1
5349 0
5350 0
5351 1
5352 1
5353 0
5354 1
5355 0
5356 1
5357 1
5358 1
5359 1
5360 1
5361 0
5362 0
5363 1
5364 1
5365 1
5366 0
5367 1
5368 1
5369 0
5370 1
5371 1
5372 1
5373 0
5374 1
5375 1
5376 1
5377 1
5378 0
5379 0
5380 0
5381 1
5382 0
5383 0
5384 1
5385 1
5386 0
5387 1
5388 1
5389 0
5390 1
5391 1
5392 1
5393 1
5394 0
5395 1
5396 1
5397 1
5398 1
5399 1
5400 1
5401 1
5402 1
5403 1
5404 1
5405 1
5406 1
5407 1
5408 1
5409 0
5410 1
5411 1
5412 0
5413 1
5414 0
5415 1
5416 0
5417 1
5418 1
5419 1
5420 0
5421 1
5422 1
5423 1
5424 1
5425 0
5426 1
5427 0
5428 1
5429 1
5430 1
5431 1
5432 1
5433 0
5434 1
5435 1
5436 1
5437 0
5438 1
5439 1
5440 1
5441 1
5442 1
5443 1
5444 1
5445 1
5446 1
5447 0
5448 1
5449 1
5450 1
5451 1
5452 0
5453 0
5454 1
5455 1
5456 1
5457 1
5458 0
5459 0
5460 1
5461 0
5462 1
5463 1
5464 1
5465 0
5466 1
5467 1
5468 0
5469 1
5470 1
5471 0
5472 1
5473 0
5474 0
5475 1
5476 1
5477 0
5478 1
5479 1
5480 0
5481 1
5482 1
5483 0
5484 1
5485 0
5486 0
5487 1
5488 0
5489 1
5490 1
5491 1
5492 1
5493 0
5494 0
5495 0
5496 1
5497 1
5498 1
5499 1
5500 1
5501 0
5502 1
5503 0
5504 1
5505 1
5506 1
5507 0
5508 0
5509 0
5510 1
5511 0
5512 1
5513 1
5514 1
5515 1
5516 1
5517 0
5518 1
5519 1
5520 1
5521 1
5522 0
5523 0
5524 0
5525 0
5526 0
5527 0
5528 1
5529 0
5530 0
5531 1
5532 0
5533 0
5534 1
5535 1
5536 1
5537 1
5538 1
5539 1
5540 1
5541 1
5542 1
5543 1
5544 0
5545 0
5546 1
5547 1
5548 1
5549 1
5550 0
5551 0
5552 0
5553 1
5554 1
5555 1
5556 1
5557 1
5558 1
5559 1
5560 1
5561 0
5562 0
5563 0
5564 0
5565 1
5566 1
5567 1
5568 1
5569 1
5570 1
5571 1
5572 1
5573 0
5574 1
5575 0
5576 0
5577 1
5578 0
5579 1
5580 1
5581 0
5582 1
5583 1
5584 1
5585 0
5586 1
5587 1
5588 1
5589 1
5590 1
5591 0
5592 1
5593 1
5594 1
5595 1
5596 0
5597 0
5598 0
5599 1
5600 1
5601 0
5602 0
5603 0
5604 0
5605 0
5606 1
5607 1
5608 1
5609 1
5610 1
5611 0
5612 0
5613 1
5614 1
5615 1
5616 1
5617 1
5618 1
5619 1
5620 1
5621 1
5622 0
5623 0
5624 0
5625 0
5626 0
5627 1
5628 1
5629 1
5630 1
5631 1
5632 1
5633 0
5634 0
5635 0
5636 0
5637 0
5638 1
5639 1
5640 0
5641 0
5642 0
5643 1
5644 1
5645 0
5646 1
5647 1
5648 1
5649 1
5650 1
5651 0
5652 1
5653 0
5654 1
5655 1
5656 1
5657 1
5658 1
5659 0
5660 1
5661 0
5662 1
5663 0
5664 1
5665 0
5666 1
5667 0
5668 1
5669 0
5670 1
5671 1
5672 0
5673 1
5674 1
5675 1
5676 0
5677 1
5678 1
5679 0
5680 1
5681 1
5682 0
5683 1
5684 0
5685 0
5686 1
5687 1
5688 0
5689 0
5690 1
5691 1
5692 1
5693 0
5694 1
5695 1
5696 1
5697 1
5698 1
5699 1
5700 1
5701 1
5702 1
5703 0
5704 1
5705 0
5706 0
5707 0
5708 1
5709 1
5710 1
5711 1
5712 0
5713 1
5714 1
5715 0
5716 0
5717 1
5718 1
5719 1
5720 0
5721 1
5722 1
5723 1
5724 0
5725 0
5726 1
5727 0
5728 1
5729 0
5730 1
5731 1
5732 1
5733 0
5734 0
5735 1
5736 1
5737 0
5738 0
5739 0
5740 1
5741 0
5742 0
5743 1
5744 1
5745 0
5746 1
5747 1
5748 1
5749 1
5750 0
5751 0
5752 0
5753 1
5754 1
5755 1
5756 1
5757 1
5758 1
5759 1
5760 1
5761 0
5762 1
5763 0
5764 1
5765 0
5766 1
5767 1
5768 1
5769 1
5770 1
5771 1
5772 0
5773 1
5774 1
5775 1
5776 0
5777 1
5778 1
5779 1
5780 0
5781 1
5782 1
5783 0
5784 0
5785 0
5786 1
5787 1
5788 0
5789 1
5790 1
5791 0
5792 1
5793 0
5794 0
5795 1
5796 1
5797 1
5798 1
5799 1
5800 1
5801 1
5802 1
5803 1
5804 1
5805 0
5806 1
5807 0
5808 1
5809 1
5810 1
5811 0
5812 1
5813 1
5814 1
5815 1
5816 0
5817 0
5818 0
5819 1
5820 1
5821 1
5822 1
5823 0
5824 1
5825 1
5826 1
5827 1
5828 1
5829 1
5830 1
5831 1
5832 1
5833 1
5834 0
5835 1
5836 0
5837 1
5838 1
5839 1
5840 1
5841 1
5842 1
5843 1
5844 1
5845 1
5846 0
5847 1
5848 0
5849 1
5850 1
5851 1
5852 1
5853 1
5854 1
5855 1
5856 1
5857 1
5858 1
5859 1
5860 1
5861 1
5862 0
5863 0
5864 1
5865 1
5866 1
5867 1
5868 0
5869 1
5870 1
5871 1
5872 0
5873 0
5874 1
5875 0
5876 0
5877 0
5878 1
5879 1
5880 1
5881 1
5882 0
5883 1
5884 1
5885 0
5886 1
5887 1
5888 1
5889 1
5890 1
5891 1
5892 1
5893 1
5894 1
5895 1
5896 1
5897 0
5898 0
5899 1
5900 1
5901 1
5902 0
5903 0
5904 0
5905 0
5906 1
5907 0
5908 1
5909 1
5910 0
5911 1
5912 0
5913 0
5914 1
5915 1
5916 1
5917 1
5918 0
5919 0
5920 1
5921 1
5922 0
5923 0
5924 1
5925 1
5926 0
5927 1
5928 1
5929 1
5930 0
5931 1
5932 1
5933 1
5934 0
5935 1
5936 1
5937 1
5938 0
5939 1
5940 1
5941 0
5942 1
5943 0
5944 0
5945 1
5946 1
5947 1
5948 0
5949 1
5950 1
5951 1
5952 1
5953 0
5954 1
5955 1
5956 1
5957 1
5958 1
5959 1
5960 1
5961 1
5962 1
5963 1
5964 1
5965 1
5966 1
5967 0
5968 0
5969 1
5970 1
5971 1
5972 1
5973 1
5974 1
5975 1
5976 0
5977 1
5978 1
5979 0
5980 0
5981 1
5982 1
5983 0
5984 1
5985 0
5986 1
5987 1
5988 0
5989 1
5990 0
5991 0
5992 0
5993 1
5994 1
5995 0
5996 1
5997 1
5998 1
5999 1
6000 0
6001 1
6002 1
6003 0
6004 1
6005 1
6006 1
6007 0
6008 1
6009 1
6010 1
6011 1
6012 1
6013 1
6014 1
6015 1
6016 0
6017 1
6018 1
6019 1
6020 1
6021 0
6022 1
6023 1
6024 1
6025 0
6026 1
6027 1
6028 1
6029 1
6030 1
6031 0
6032 1
6033 1
6034 1
6035 1
6036 1
6037 0
6038 1
6039 1
6040 1
6041 0
6042 1
6043 1
6044 1
6045 0
6046 1
6047 1
6048 0
6049 1
6050 1
6051 1
6052 1
6053 1
6054 1
6055 1
6056 0
6057 0
6058 0
6059 1
6060 0
6061 1
6062 1
6063 1
6064 0
6065 1
6066 0
6067 1
6068 0
6069 0
6070 1
6071 0
6072 1
6073 1
6074 1
6075 1
6076 0
6077 0
6078 0
6079 0
6080 1
6081 0
6082 0
6083 0
6084 1
6085 1
6086 0
6087 1
6088 1
6089 1
6090 0
6091 1
6092 1
6093 0
6094 1
6095 1
6096 0
6097 1
6098 1
6099 1
6100 0
6101 1
6102 1
6103 0
6104 0
6105 0
6106 1
6107 1
6108 1
6109 0
6110 0
6111 0
6112 0
6113 1
6114 1
6115 0
6116 1
6117 0
6118 0
6119 1
6120 1
6121 1
6122 1
6123 1
6124 1
6125 0
6126 1
6127 1
6128 1
6129 1
6130 1
6131 0
6132 1
6133 1
6134 0
6135 1
6136 1
6137 1
6138 0
6139 0
6140 1
6141 1
6142 0
6143 1
6144 1
6145 1
6146 1
6147 1
6148 1
6149 1
6150 1
6151 0
6152 0
6153 1
6154 0
6155 0
6156 0
6157 1
6158 0
6159 0
6160 1
6161 1
6162 1
6163 1
6164 1
6165 1
6166 1
6167 1
6168 1
6169 1
6170 1
6171 1
6172 1
6173 1
6174 0
6175 1
6176 0
6177 0
6178 1
6179 1
6180 1
6181 1
6182 1
6183 0
6184 0
6185 0
6186 1
6187 0
6188 0
6189 1
6190 1
6191 0
6192 1
6193 1
6194 1
6195 1
6196 0
6197 1
6198 1
6199 1
6200 1
6201 1
6202 1
6203 0
6204 1
6205 1
6206 1
6207 1
6208 1
6209 1
6210 1
6211 1
6212 1
6213 1
6214 0
6215 0
6216 0
6217 1
6218 0
6219 1
6220 1
6221 1
6222 0
6223 0
6224 0
6225 1
6226 0
6227 1
6228 0
6229 1
6230 0
6231 1
6232 0
6233 1
6234 1
6235 0
6236 1
6237 1
6238 1
6239 1
6240 1
6241 0
6242 1
6243 0
6244 1
6245 0
6246 0
6247 0
6248 0
6249 1
6250 1
6251 1
6252 0
6253 1
6254 1
6255 1
6256 1
6257 1
6258 1
6259 0
6260 1
6261 0
6262 1
6263 1
6264 0
6265 1
6266 1
6267 1
6268 1
6269 1
6270 1
6271 1
6272 1
6273 0
6274 1
6275 1
6276 0
6277 1
6278 1
6279 1
6280 1
6281 0
6282 1
6283 0
6284 0
6285 1
6286 0
6287 0
6288 0
6289 1
6290 1
6291 1
6292 0
6293 1
6294 0
6295 1
6296 1
6297 1
6298 1
6299 1
6300 0
6301 1
6302 1
6303 1
6304 0
6305 0
6306 0
6307 0
6308 1
6309 1
6310 1
6311 0
6312 1
6313 1
6314 0
6315 1
6316 0
6317 0
6318 1
6319 1
6320 0
6321 1
6322 0
6323 0
6324 1
6325 1
6326 1
6327 1
6328 1
6329 1
6330 1
6331 0
6332 1
6333 1
6334 0
6335 1
6336 1
6337 1
6338 1
6339 1
6340 1
6341 0
6342 0
6343 1
6344 0
6345 1
6346 0
6347 0
6348 0
6349 1
6350 0
6351 1
6352 1
6353 0
6354 0
6355 0
6356 0
6357 1
6358 1
6359 1
6360 1
6361 1
6362 0
6363 0
6364 0
6365 0
6366 1
6367 1
6368 1
6369 0
6370 1
6371 0
6372 1
6373 1
6374 1
6375 1
6376 1
6377 0
6378 1
6379 1
6380 0
6381 1
6382 1
6383 1
6384 1
6385 1
6386 0
6387 1
6388 1
6389 0
6390 1
6391 0
6392 1
6393 1
6394 1
6395 1
6396 1
6397 0
6398 1
6399 1
6400 1
6401 1
6402 0
6403 1
6404 0
6405 1
6406 1
6407 1
6408 1
6409 1
6410 1
6411 1
6412 1
6413 0
6414 1
6415 1
6416 1
6417 1
6418 1
6419 0
6420 1
6421 1
6422 1
6423 1
6424 0
6425 1
6426 1
6427 1
6428 0
6429 0
6430 1
6431 1
6432 0
6433 1
6434 1
6435 1
6436 0
6437 1
6438 1
6439 1
6440 1
6441 1
6442 0
6443 1
6444 0
6445 1
6446 0
6447 1
6448 1
6449 1
6450 0
6451 1
6452 0
6453 1
6454 0
6455 0
6456 0
6457 0
6458 0
6459 0
6460 1
6461 1
6462 1
6463 0
6464 1
6465 1
6466 0
6467 1
6468 1
6469 1
6470 1
6471 1
6472 1
6473 0
6474 1
6475 1
6476 0
6477 1
6478 0
6479 1
6480 1
6481 1
6482 1
6483 1
6484 0
6485 1
6486 0
6487 0
6488 1
6489 1
6490 0
6491 0
6492 1
6493 1
6494 1
6495 1
6496 1
6497 1
6498 0
6499 1
6500 0
6501 1
6502 1
6503 1
6504 1
6505 1
6506 0
6507 1
6508 1
6509 1
6510 1
6511 1
6512 0
6513 1
6514 1
6515 0
6516 1
6517 1
6518 1
6519 0
6520 1
6521 1
6522 1
6523 1
6524 1
6525 1
6526 1
6527 0
6528 1
6529 1
6530 1
6531 0
6532 1
6533 0
6534 0
6535 1
6536 1
6537 1
6538 1
6539 1
6540 0
6541 1
6542 1
6543 1
6544 0
6545 0
6546 1
6547 0
6548 1
6549 1
6550 1
6551 1
6552 0
6553 1
6554 0
6555 1
6556 1
6557 1
6558 0
6559 1
6560 1
6561 1
6562 1
6563 1
6564 1
6565 0
6566 1
6567 1
6568 1
6569 1
6570 0
6571 1
6572 1
6573 1
6574 1
6575 1
6576 1
6577 1
6578 1
6579 0
6580 0
6581 1
6582 0
6583 0
6584 1
6585 1
6586 1
6587 0
6588 1
6589 1
6590 1
6591 1
6592 1
6593 1
6594 1
6595 1
6596 1
6597 1
6598 0
6599 1
6600 1
6601 1
6602 0
6603 1
6604 1
6605 0
6606 0
6607 1
6608 0
6609 0
6610 1
6611 1
6612 1
6613 0
6614 1
6615 1
6616 0
6617 1
6618 1
6619 0
6620 0
6621 1
6622 0
6623 0
6624 1
6625 1
6626 0
6627 1
6628 1
6629 1
6630 1
6631 1
6632 0
6633 1
6634 1
6635 1
6636 1
6637 0
6638 1
6639 1
6640 1
6641 1
6642 0
6643 1
6644 1
6645 0
6646 1
6647 1
6648 1
6649 1
6650 0
6651 0
6652 1
6653 0
6654 1
6655 1
6656 1
6657 1
6658 0
6659 1
6660 1
6661 0
6662 0
6663 1
6664 1
6665 1
6666 1
6667 1
6668 1
6669 0
6670 0
6671 1
6672 1
6673 1
6674 1
6675 1
6676 1
6677 1
6678 1
6679 1
6680 1
6681 1
6682 1
6683 0
6684 1
6685 0
6686 1
6687 1
6688 0
6689 1
6690 1
6691 1
6692 1
6693 1
6694 1
6695 1
6696 1
6697 0
6698 1
6699 0
6700 1
6701 0
6702 1
6703 1
6704 1
6705 1
6706 1
6707 1
6708 1
6709 0
6710 1
6711 0
6712 1
6713 1
6714 1
6715 1
6716 1
6717 1
6718 1
6719 1
6720 1
6721 1
6722 1
6723 0
6724 1
6725 1
6726 1
6727 0
6728 1
6729 0
6730 1
6731 1
6732 1
6733 1
6734 0
6735 0
6736 1
6737 1
6738 1
6739 1
6740 0
6741 1
6742 1
6743 1
6744 0
6745 1
6746 1
6747 0
6748 0
6749 1
6750 1
6751 1
6752 1
6753 1
6754 1
6755 1
6756 0
6757 1
6758 1
6759 1
6760 1
6761 1
6762 1
6763 1
6764 1
6765 1
6766 1
6767 1
6768 1
6769 0
6770 0
6771 0
6772 0
6773 1
6774 0
6775 0
6776 1
6777 0
6778 1
6779 0
6780 1
6781 0
6782 1
6783 1
6784 0
6785 1
6786 1
6787 0
6788 0
6789 1
6790 1
6791 1
6792 1
6793 1
6794 0
6795 0
6796 1
6797 1
6798 1
6799 0
6800 0
6801 0
6802 1
6803 1
6804 1
6805 1
6806 1
6807 1
6808 0
6809 1
6810 1
6811 0
6812 1
6813 1
6814 0
6815 1
6816 1
6817 0
6818 1
6819 0
6820 1
6821 1
6822 1
6823 1
6824 0
6825 0
6826 1
6827 1
6828 0
6829 0
6830 1
6831 1
6832 0
6833 1
6834 1
6835 1
6836 1
6837 0
6838 0
6839 1
6840 0
6841 1
6842 1
6843 1
6844 1
6845 0
6846 0
6847 1
6848 1
6849 1
6850 1
6851 0
6852 1
6853 0
6854 1
6855 1
6856 1
6857 0
6858 0
6859 1
6860 1
6861 1
6862 0
6863 1
6864 1
6865 0
6866 1
6867 1
6868 1
6869 1
6870 0
6871 1
6872 1
6873 0
6874 0
6875 0
6876 1
6877 0
6878 1
6879 0
6880 1
6881 1
6882 1
6883 0
6884 1
6885 0
6886 1
6887 1
6888 0
6889 1
6890 1
6891 0
6892 1
6893 1
6894 1
6895 1
6896 0
6897 1
6898 1
6899 1
6900 0
6901 1
6902 0
6903 1
6904 1
6905 1
6906 0
6907 1
6908 1
6909 1
6910 1
6911 1
6912 1
6913 1
6914 1
6915 0
6916 0
6917 1
6918 0
6919 0
6920 1
6921 0
6922 1
6923 0
6924 0
6925 0
6926 0
6927 0
6928 1
6929 0
6930 0
6931 0
6932 1
6933 1
6934 1
6935 0
6936 1
6937 0
6938 0
6939 1
6940 1
6941 1
6942 0
6943 1
6944 1
6945 1
6946 0
6947 1
6948 1
6949 1
6950 0
6951 1
6952 0
6953 1
6954 1
6955 1
6956 0
6957 1
6958 1
6959 1
6960 0
6961 1
6962 1
6963 1
6964 1
6965 0
6966 0
6967 1
6968 1
6969 1
6970 0
6971 1
6972 1
6973 1
6974 1
6975 0
6976 1
6977 0
6978 0
6979 1
6980 1
6981 1
6982 1
6983 1
6984 0
6985 0
6986 0
6987 1
6988 1
6989 1
6990 0
6991 0
6992 1
6993 1
6994 1
6995 0
6996 1
6997 0
6998 0
6999 1
7000 1
7001 1
7002 0
7003 1
7004 1
7005 1
7006 0
7007 0
7008 1
7009 1
7010 1
7011 1
7012 1
7013 0
7014 1
7015 1
7016 1
7017 1
7018 1
7019 1
7020 1
7021 1
7022 0
7023 1
7024 1
7025 0
7026 0
7027 1
7028 1
7029 1
7030 1
7031 0
7032 1
7033 0
7034 0
7035 1
7036 0
7037 1
7038 0
7039 0
7040 1
7041 1
7042 1
7043 0
7044 1
7045 0
7046 0
7047 0
7048 0
7049 1
7050 1
7051 1
7052 1
7053 0
7054 1
7055 1
7056 1
7057 0
7058 1
7059 0
7060 1
7061 0
7062 0
7063 1
7064 0
7065 1
7066 0
7067 0
7068 1
7069 0
7070 0
7071 1
7072 0
7073 1
7074 0
7075 0
7076 1
7077 1
7078 1
7079 0
7080 1
7081 0
7082 1
7083 0
7084 0
7085 1
7086 0
7087 1
7088 1
7089 1
7090 1
7091 1
7092 1
7093 0
7094 0
7095 0
7096 1
7097 0
7098 1
7099 1
7100 0
7101 1
7102 0
7103 0
7104 0
7105 1
7106 1
7107 1
7108 1
7109 0
7110 1
7111 1
7112 1
7113 1
7114 0
7115 0
7116 1
7117 0
7118 1
7119 1
7120 1
7121 0
7122 0
7123 1
7124 0
7125 1
7126 1
7127 1
7128 1
7129 1
7130 1
7131 1
7132 1
7133 0
7134 1
7135 1
7136 1
7137 1
7138 1
7139 1
7140 1
7141 1
7142 1
7143 1
7144 1
7145 1
7146 1
7147 0
7148 1
7149 0
7150 1
7151 1
7152 1
7153 1
7154 1
7155 1
7156 0
7157 0
7158 0
7159 0
7160 1
7161 0
7162 0
7163 1
7164 1
7165 1
7166 0
7167 1
7168 1
7169 1
7170 1
7171 1
7172 1
7173 1
7174 1
7175 1
7176 0
7177 1
7178 1
7179 1
7180 0
7181 0
7182 0
7183 1
7184 1
7185 1
7186 1
7187 0
7188 1
7189 1
7190 1
7191 1
7192 1
7193 0
7194 1
7195 1
7196 0
7197 1
7198 1
7199 0
7200 0
7201 1
7202 0
7203 1
7204 0
7205 0
7206 0
7207 1
7208 0
7209 0
7210 1
7211 1
7212 1
7213 1
7214 1
7215 1
7216 1
7217 1
7218 1
7219 0
7220 1
7221 1
7222 1
7223 1
7224 1
7225 1
7226 0
7227 1
7228 1
7229 1
7230 1
7231 1
7232 1
7233 0
7234 1
7235 0
7236 0
7237 0
7238 0
7239 0
7240 1
7241 0
7242 1
7243 1
7244 1
7245 0
7246 0
7247 1
7248 1
7249 1
7250 1
7251 0
7252 1
7253 1
7254 1
7255 1
7256 1
7257 0
7258 0
7259 1
7260 1
7261 1
7262 1
7263 1
7264 0
7265 1
7266 1
7267 0
7268 1
7269 1
7270 0
7271 1
7272 1
7273 1
7274 1
7275 1
7276 1
7277 1
7278 0
7279 0
7280 1
7281 0
7282 0
7283 1
7284 1
7285 1
7286 1
7287 0
7288 1
7289 1
7290 0
7291 1
7292 0
7293 0
7294 1
7295 1
7296 1
7297 1
7298 1
7299 0
7300 1
7301 0
7302 0
7303 1
7304 1
7305 1
7306 0
7307 1
7308 0
7309 1
7310 1
7311 1
7312 1
7313 1
7314 1
7315 0
7316 1
7317 0
7318 1
7319 1
7320 1
7321 1
7322 1
7323 1
7324 1
7325 0
7326 1
7327 1
7328 0
7329 1
7330 1
7331 1
7332 0
7333 1
7334 0
7335 1
7336 1
7337 0
7338 1
7339 0
7340 1
7341 1
7342 1
7343 0
7344 0
7345 1
7346 1
7347 0
7348 1
7349 1
7350 1
7351 1
7352 0
7353 1
7354 1
7355 1
7356 0
7357 1
7358 1
7359 0
7360 0
7361 1
7362 0
7363 0
7364 1
7365 1
7366 0
7367 1
7368 1
7369 0
7370 1
7371 0
7372 1
7373 1
7374 1
7375 1
7376 1
7377 1
7378 1
7379 0
7380 1
7381 1
7382 1
7383 0
7384 0
7385 1
7386 0
7387 0
7388 1
7389 1
7390 0
7391 1
7392 0
7393 0
7394 0
7395 1
7396 0
7397 0
7398 0
7399 0
7400 1
7401 1
7402 0
7403 1
7404 1
7405 1
7406 1
7407 1
7408 1
7409 1
7410 1
7411 1
7412 1
7413 1
7414 1
7415 0
7416 0
7417 0
7418 1
7419 1
7420 0
7421 0
7422 1
7423 0
7424 0
7425 0
7426 1
7427 1
7428 1
7429 1
7430 1
7431 1
7432 1
7433 0
7434 1
7435 1
7436 1
7437 1
7438 1
7439 1
7440 1
7441 0
7442 1
7443 0
7444 1
7445 0
7446 1
7447 1
7448 1
7449 1
7450 1
7451 1
7452 0
7453 1
7454 1
7455 1
7456 1
7457 1
7458 0
7459 0
7460 0
7461 1
7462 0
7463 1
7464 1
7465 1
7466 0
7467 0
7468 1
7469 1
7470 1
7471 0
7472 0
7473 1
7474 0
7475 1
7476 1
7477 1
7478 0
7479 1
7480 1
7481 1
7482 1
7483 1
7484 0
7485 1
7486 1
7487 1
7488 1
7489 0
7490 1
7491 1
7492 1
7493 1
7494 1
7495 1
7496 0
7497 1
7498 1
7499 1
7500 1
7501 1
7502 1
7503 1
7504 1
7505 0
7506 0
7507 1
7508 0
7509 1
7510 0
7511 0
7512 0
7513 1
7514 0
7515 1
7516 0
7517 0
7518 1
7519 1
7520 0
7521 0
7522 0
7523 1
7524 0
7525 1
7526 1
7527 1
7528 1
7529 0
7530 1
7531 1
7532 1
7533 1
7534 1
7535 1
7536 1
7537 1
7538 1
7539 1
7540 0
7541 0
7542 1
7543 1
7544 1
7545 1
7546 0
7547 1
7548 1
7549 0
7550 0
7551 1
7552 1
7553 1
7554 1
7555 1
7556 1
7557 1
7558 1
7559 1
7560 1
7561 1
7562 1
7563 1
7564 1
7565 1
7566 1
7567 1
7568 1
7569 1
7570 0
7571 1
7572 1
7573 1
7574 0
7575 1
7576 0
7577 0
7578 1
7579 1
7580 1
7581 1
7582 1
7583 0
7584 0
7585 1
7586 1
7587 1
7588 1
7589 1
7590 1
7591 0
7592 1
7593 1
7594 1
7595 1
7596 1
7597 0
7598 1
7599 1
7600 1
7601 1
7602 0
7603 1
7604 1
7605 0
7606 0
7607 1
7608 1
7609 1
7610 0
7611 0
7612 1
7613 1
7614 1
7615 1
7616 0
7617 1
7618 1
7619 1
7620 0
7621 1
7622 0
7623 1
7624 0
7625 0
7626 1
7627 0
7628 1
7629 1
7630 0
7631 1
7632 1
7633 1
7634 1
7635 1
7636 1
7637 0
7638 0
7639 0
7640 1
7641 0
7642 1
7643 0
7644 0
7645 1
7646 0
7647 0
7648 0
7649 1
7650 0
7651 0
7652 1
7653 1
7654 1
7655 1
7656 0
7657 1
7658 0
7659 0
7660 0
7661 0
7662 1
7663 0
7664 0
7665 0
7666 1
7667 1
7668 0
7669 0
7670 0
7671 1
7672 1
7673 0
7674 1
7675 1
7676 0
7677 1
7678 1
7679 1
7680 0
7681 1
7682 1
7683 1
7684 1
7685 0
7686 1
7687 1
7688 1
7689 1
7690 1
7691 1
7692 0
7693 1
7694 0
7695 0
7696 1
7697 1
7698 1
7699 1
7700 1
7701 1
7702 1
7703 0
7704 1
7705 1
7706 1
7707 1
7708 1
7709 0
7710 0
7711 1
7712 0
7713 0
7714 0
7715 1
7716 0
7717 1
7718 1
7719 1
7720 1
7721 1
7722 1
7723 1
7724 1
7725 1
7726 1
7727 1
7728 0
7729 1
7730 0
7731 1
7732 1
7733 1
7734 0
7735 0
7736 1
7737 0
7738 1
7739 1
7740 1
7741 0
7742 0
7743 1
7744 0
7745 1
7746 0
7747 1
7748 0
7749 1
7750 0
7751 0
7752 1
7753 0
7754 1
7755 1
7756 1
7757 1
7758 1
7759 1
7760 1
7761 1
7762 1
7763 1
7764 1
7765 0
7766 0
7767 1
7768 1
7769 1
7770 1
7771 1
7772 1
7773 0
7774 1
7775 1
7776 1
7777 0
7778 1
7779 1
7780 1
7781 1
7782 0
7783 1
7784 0
7785 0
7786 0
7787 1
7788 0
7789 1
7790 0
7791 1
7792 0
7793 1
7794 1
7795 1
7796 1
7797 1
7798 1
7799 0
7800 0
7801 0
7802 1
7803 1
7804 1
7805 1
7806 0
7807 0
7808 1
7809 1
7810 1
7811 1
7812 1
7813 0
7814 0
7815 0
7816 0
7817 0
7818 1
7819 1
7820 1
7821 1
7822 0
7823 0
7824 1
7825 1
7826 1
7827 0
7828 1
7829 1
7830 1
7831 1
7832 0
7833 1
7834 1
7835 1
7836 1
7837 1
7838 1
7839 1
7840 0
7841 1
7842 1
7843 1
7844 0
7845 1
7846 1
7847 1
7848 1
7849 0
7850 0
7851 0
7852 0
7853 0
7854 0
7855 0
7856 1
7857 0
7858 0
7859 1
7860 1
7861 0
7862 0
7863 1
7864 1
7865 0
7866 1
7867 1
7868 1
7869 1
7870 1
7871 0
7872 0
7873 1
7874 1
7875 0
7876 1
7877 1
7878 0
7879 1
7880 0
7881 1
7882 1
7883 1
7884 0
7885 0
7886 0
7887 1
7888 1
7889 1
7890 0
7891 0
7892 1
7893 1
7894 0
7895 1
7896 0
7897 0
7898 1
7899 1
7900 0
7901 1
7902 1
7903 1
7904 1
7905 1
7906 1
7907 1
7908 0
7909 0
7910 0
7911 0
7912 0
7913 0
7914 1
7915 0
7916 1
7917 1
7918 1
7919 1
7920 1
7921 1
7922 0
7923 1
7924 1
7925 0
7926 1
7927 0
7928 0
7929 0
7930 0
7931 1
7932 1
7933 1
7934 1
7935 0
7936 1
7937 1
7938 1
7939 1
7940 1
7941 1
7942 1
7943 1
7944 1
7945 1
7946 1
7947 1
7948 1
7949 1
7950 1
7951 1
7952 1
7953 0
7954 0
7955 1
7956 0
7957 0
7958 0
7959 0
7960 1
7961 1
7962 0
7963 1
7964 1
7965 0
7966 0
7967 0
7968 0
7969 0
7970 1
7971 1
7972 0
7973 0
7974 1
7975 1
7976 1
7977 1
7978 1
7979 1
7980 1
7981 1
7982 1
7983 1
7984 0
7985 0
7986 1
7987 1
7988 0
7989 1
7990 0
7991 0
7992 1
7993 1
7994 1
7995 1
7996 1
7997 0
7998 1
7999 1
Prediction Complete For Test Data*
